44 62 65 75 76
18 40 44 68 74 79 80
62 68
18 41 42 46 50 69
40 44 68
18 20 39 62 71 74 78 79
40 44 62 68
15 39 79
40 44 68
52 62 68
18 23 46 50
62 68
39 41 69 74 79
13 40 44 68
41 43
6 18 46 50
40 68
18 26 40
40 44 68
13 14 40 41 44 52 56 62 68 73
18 40 68 80
18 68
20 39 40 43 50 79 80
8 18 32 62 65 69 75
79
40 48 74 79
18 39 69 75
18 62 68 79
40 44 62
18 41 69 79
40 44
20 23 66
62 65 79
18 41 68
18
46 73 76
20 46 50 64
41 68
18 20 39 64 74 79
62 68
18 46 50 58 65
40
23 66
18 62
41 69
18 62
6 18 20 29 45
39 41 46 50 64 65 75
18 26 40
40 44 68
73
8 18 39 79
18 20
39 41 69
20 74 79
18 40 44 68
40 44 68
18 39 41 69
18 39 41 44 62 65
18 46 50
6 18 20 23
18 62 68
18 26 40
39 41 58 69
62 68
40 44 60
14 40 43 44 52 61 62 73
62 73 76
18 41 79
62 68
18 40 44 68
40 44 68
40 44 68
47 79
32 39 41
18 62 68
40 44 62 68
8 18 32 69 75
18 39 46 50 58 65 75 76
62 68
18 62 68
40 44 52 68
68 79
20 41 46 50 65 79
18 42 46 50 69
14 18 40 41 44 68
18 66 79
18 40
52 68 73
52 57 73
18 62 68
18 39 40 68 79
18 44 62 68
40 41 44 52 62 73
18 62 68
41 44 46 50 52 62 68
40 44 62 68
15 23 39 46 50 65 79
40 41 44 62
13 40 44 68
8 49 68
79
18 39 66
39 66 79
18 46 50 65 75
18 44 68
68
18 40 68
8 18 62 69 75
44 62
40 62
40 41 44
18 40 68 80
18 39 66
18 40 68 74
40 44 68
38 41 43 44 46 52 73 75 76
15 40 44 62 68
62 68
18 39
18 74
46 50 52 58
15 20 41 79
18 42 46
18 40 41 44 68
18 46 58 65 76
39 41 69
79
44 46 52 68
18 74 79
18 26 47 79
44 62 68
41 74
18 58 69
18 20 39 74 79
18 62 68
18 39 41 69
62 68
18 32 39 41 75
18 62 68 74
18 62 68
18 62 68 79
18 44
47 50 79
18 44 68
57 68 74
14 18 41 44 62 68
40 44 62
68
41 58 69
18 68
18 39 44 62 65 75 76
18 41 69
18 71 74 78 79
13 14 40 41 44 52 56 62 73
18 62
40 44 57 62 68
18 69
39 46 50 65
62 68
8 41 79
18 68 74 79
18
68
41 44 52 62 73
18 41 68 69
40 41 44 62
18 39 68
40
18 41 52 73
14 40 43 44 57
15 20 39 46 47 50 58 65 79
79
40 44 68
40 44 52 68
23 41 46 47 50 58 79
18 40 52 68
39 41
68
40 44 68
40 41
39 44 62 65 76 79
18 62 68
14 40 41 44 52 56 62 73
18 40 68
40
40 44 68 80
41 47 79
40 44 68
62
18 39 46 50 76
39 40 41 43 44
18 20 79
44 68
18 62 79
18 41 44 62
18 62
40 43 44 60 62
62 68
20 40 43 50 79 80
40 68
18 40 44 68
62 68
40 62
40 44 48 74 79 80
14 40 44 62
18 50 58 75
18 40 44 62 68
79
41 52 68
18 23 46 58
41 44 62
39 41 58
18 41 62 68
18 62
40 44 68
46 79
18 40 48 74 79
40 44
8 15 49 79
18 40
18 69
40 44 62 63
41 44 62 68
20 57 74 79
18 40 68 74 80
40 44 68
20 39 46 50 64 79
40 44 62 68 79
40 44 62
40 44 68 74 79 80
18 40
40 44 46 52 68
18 62
18 44 68
40 41 44
40 44 68
39 41 68
18 39 41 44 62 69
44 46 52 68 73
18 40 44 52
62 76
18 23 39 46 50 58
18 39 41 46 50
18 66 69 76
39 41 69
8 44 49
40
52 62 73
18 20 26 47 50 79
40 41 68
62
18 22 32 39 41 69 72
20 23 66 79
18 20 23 66 79
40 44 52
40 44 62 68
13 40 44 52 57 68 73
40 44
18 44 68
18 41 46 50 64 67 69
39 44
44 68
46 50 64
18 44 62 68
18 39 41 69
18 40 43 44 48 68
41 44 52 62 68
14 40 44 62 68
20 40 43 50 79
41 68
62
58 79
68
15 18 20 39 46 50 71 74 78 79
18 40 44 62
18 40 68 79
18 39 41 74 78 79
18 44 79
20 46 50 69
8 18 62 76
18 23 79
18 69
40 44 68 80
18 40
40 44 62 68
41 46 50 58 65
20 79
18 62 74 79
40 44 57 80
41 69
68
40 44 68
44 62 65 76 79
18 19 46 50 64 68
18 40 44 68 80
18 32 69
18 41 42 46 50 69
18 40 80
18 62 68
18 62 68 74 79
18
18 68 79
40 62
18 69 74 79
40
18 46 50 58 64 65 76
52 68
40 41 62 68
58 66 79
18 20 74 79
18 68
40 44 68
74 79
18 40 62
18 40 48 74 79
39 47
40
18 40 44 68 79 80
18 40 52 57 74 79
44 62 65 75 79
41 46
40 44 52 73
40 44 60 62 68
18 62 68
18 40 68 80
68
15 18 39 43 79
18 44 68
41 52 62 68
68
18 62 68
18 68
18 41 46 50 69
18 39 41 65 75 76
18 62 68
18 41 69
41 68
62 68
20 26 47 50 79
41 68 69
46
57 74 78 79
68
40 44 62 68
40 44 57 74 79 80
57 74 79
40 44 80
46 50 64
18 40 44 68
18 39 41
68
18 40 68
8 68
18 62 68
39 41 65 69 75
18 40 44 68 80
18 39 46 62 64 65 75
62
79
13 40 41 44 52 62 68 73
18 22 39 41 69
39 41 68 69
39 41 69
40 44 52 57 68
18 41
8 79
44 79
18 41 69
41 79
40 44 62 68
18 39 41 68 69
20 39 41 47 58 79
18 39 74 79
18 40 44
14 18 40 41 44 52 62 73
44 52 62
18 40
41 46 50 58 65 75
44 62 68
18 46 50 64
62 68
18 20 39 79
39 41 47 79
20 52 74 79
41 62
18 62
20 23 66 79
18 39 41 68 69
69
40 44 68
18 23 29
40 44 52 62 73
40 48 74 79
15 39 47 69 79
40 41 44 62 68
18 79
62 68
8 18 39 41 46 50 75 79
44 62 65 76 79
15 20 46 50 65 79
18 39 41 69 79
18 40 68
52 57 68
40
40 44 68
18 26 40 44 68
40
18 41 62 68
18 41 46 50 62 64
18 68 69
68
6 18 20 45
18 46 50 64
62 69
18 69
68 74 79
18 74 79
40 41 43 44 57 62
18 39 41 46 50 64 65 75
18 68
39 41
20 39 46 50 74 79
8 21 79
18 39 41 69
40 44 68
18
41 68
18 40 44 68 79 80
40 44 68 69
40 44 68
18 20 23
18 39 41 46 50 58 64 65 69
18 41 69
13 40 41 44 52 62 73
18 62 68
18 41 68
40 41
62 68
44 52 68 73
40
20 40 57 74 79 80
40 41 44 62 68
18 20 50 74 79
40 43 48 60 62
18 40 44 62
14 40 43 44 57 61
18 62 68
14 18 40 41 44 62
18 62 68 79
43 44 57 60 61
40 44 68
18 40 46 50 52 57 73 74
40 44 62 68
18 62 68
40 44 62
18 62 68
6 18 46 50
18 40 68
40 68
40 44 62 68
15 23 47 79
18 20 79
18 40 44
66 79
40 44 52 62 73
18 40 46 50 52 57 73 74 79
66
20 74 79
44 52 68
68
79
18 39 41 69
8 18 20 46 50 69
18 68
40 44 48 62
18 57 62 74 79
18 46 50 58 64 75
41
68
39 41 68 79
40 41 43 44 62
62 76
18 39 40 50 52 68
44 52 68
18 40 68 79
44 46 52 68 73
15 39 47 79
40 44
62 68
44
18 68
18 20 46 50 79
2 18 58 62 76
20 50 79
15 44 79
18 41 42 46 50 64 69
44 62
40 44 68
18 68 79
8 18 44 62 68 69 75
18 39
68
40 62 68
40 57 68 74 79
18 62 69 73 75
40 41 44 62 68
15 46 47 50 58 65 79
40 44 52 62 68
18 41 62 69
18 40 65 75 79
18 23 66 75 79
13 14 40 41 44 52 56 62 68 73
62
41 68
18 62 68
58 66 75
20 44 62 65 76
68
15 58 66
40 41 44 62
18 39 44 68 74
44 52 68
18 20 46 50 79
44 62 68
40 62 68
40 44
40 43 44 62 68
40 44 52 62 68 73
20 58 66 79
15 20 74 79
41 68
18 20 46 50
39 47 58 65
18 39 41 46 50 69 79
41
18 20 79
18 32 69
15 46 50 58 65 79
18 41 69
44 52 68 73
18 20 39 46 50 75 79
18 46 68
18 20 74 79
40 44 68
52 68
18 40 44
18 68
62 68
68
66
18 20 79
41 79
18 21 40 44 68
15 40 44 62
57 74 79
15 46 50 79
18 32 41 69
40 44 52 73
39 41 79
18 26 40
41 44
18 62
41 52 62 73
18 75
68
68
20 46 50 58 64 65
44 79
57 68
44 57 68
18 40 68 80
18
40 44 62
8 18 39 76
20 74 79
18 39 41 46 50 58 64
40 43 48 60 62 79
40 44 68 79 80
20 39 46 50
15 20 47 50 79
44 62 68
40 44 68
40
41 50
18 46 50 58 64 65 75 76
41 68 69
39 41 79
40 44 68
18 68
18 20 46 50 58 79
15 23 46 50
39 62 68
40 52 57 74 79 80
18 62 68 74 79
13 40 44 62 68
44 68
39 62 68 79
18 68
40
18 39
32 69
62 68
18 68
62 68
8 15 20 49 74 79
18 39 68
18 41
18 40 68
40 44 62
44 52 68 73
18 20 46 50 69 79
39 40 58 65
18 29
18 68
68
44 65 79
18 39 41 62 68 69
39 40 41 50 75
40 41 43 44 62 73
26 47 79
68 79
20 40 43 50 79 80
40 44 62 68
62 78 79
15 40 74 79
62
40 48 68 74 79
18
52 68 73
18 20 44
18 46 50 52 58 64 65
68 79
18 40 44 68
40 41 68
40 41 44 62 73
40 44 68
40 44 62 68
18 20 46 50 64 79
41 62 68
18 41 68
18 68
39 46 50 58
40 44 62 68
14 40 43 44 61
18 74 79
15 44 62 65 76 79
40
39 41 69
40 44 68
18 40
44 68
15 40 44 62 68
18 44 52 62 73
40 44 68
18 20 39 74 79
18 44 69
18 68
18 44 68
40 62
39 41 69 79
20 39 46 50 52 58
18 62
18 68
52 62 68
20 46 50 64
79
18 46 50 58
65
43 52 61
18 40 74 79
40 41 44 62
18 62
44 68
41
15 40 74 79
18 62 68 69
40 44 68
15 18 39 41 46 50
18 22 39 41
41 44 52 69
18 39 41 68 69
40 44 62 68
43 44 57 60
41 46 68
40 44 68
8
18 62 68 79
8 40 41 44 52 62
18 62 68
14 40 44
18 44 62 68
40 44 80
18 40 44 68
8 18 39 58 62 75 76
15 18 43 44
40 44 68
18 40 44 68 80
21 23 79
44 62 65
40
62 68
62 68
18 44 62 68
40 52 57 62 73
44 68
46 52 68
18 68
20 39 50 79
44 68
18 39 41 69
23 29
40 44 48 62 68
20 79
40 41 44 52 62 68
18 23 39 58 65
41 62 68
62 68
40 44 52 62 73
18 23 79
40 43 44 62
14 40 41 44 52 62 68 73
79
18 44 68
18 44 62
14 18 40 41 44 52 68 73
18 40 50 52 57 74 79
44
44 62 65 75 76
40 44 68
18 62
40 62
40 52 62 73 79
18 46 50 52
18
44 68 74
18 40 44 62 68
18 62 68 74 79
20 79
18 41 69
44 68
8 18 69 79
40 44 52 62 68
40 44 62 63
18 40 57 68 74 79
62 68
18 41 68 69
15 39 46 47 50 58 64
18 68 69 74
18 46 50 52 58
62 68
18 40 44
18 68 74
18 40 44 62 68
18 46 58 65 75
18 40 68
39 69
39 68 74
18 41
18 20 39 46 71 74 78 79
39 41 44 69
15 46 50 74 79
40 44 73
18 58 66 75
40 41 43 44 62
18 79
18 40 68 80
18 44
20 39 41 79
41 44 52 73
40 44 62 68
40 44 79
18 40 68
18 40 44 62 68
14 40 44 52 62 63 68 73 74
40 44 62
18 68
18 40 44
41 52
14 40 43 44 62
18 41 44 68
20 40 43 79 80
44 52 62
39 40 41 44
18 58 75
18 44 68
62 68
18 40 44 68
40 44 68
18 44 73
18 40 44
79
62 68
44 68
8 18 39 62 76
18 41 46 50 69
18 62 68 69
44 62
41 69 79
18 20 79
15 40 43 79
40 44 52 73
18 40
40 46 50 52 64 80
18 19 46 50 52 64
18 66 68
21 39 41 44
68 74 79
40 44 68
18 20 39 46 50 64 74 79
40 44 68 80
18 41 46 50 58
68
44 62 65 75 76
18 39 41
18 26 40
62 68
41 44 62 68
40 44 68
18 39 41 68 69
41 68
62 68 79
18 44 68
17 39 41 65 69 75 76
40
40 41 44 68
79
68
18 32 41 68
40 44 68
14 40 41 44 62
62
15 46 47 50 79
66
40 44 68 80
49
18 62 68
15 20 79
68
40 43 44 52 62
18 68 69
18 62 74 79
62 68
18 39 68 69
40 41 44 62 68
44 62 68
18 57 79
18 20 52 62
40 44 62
43 62
40 44 68
39
41 46 69 79
39 68
41 44 52 62 73
41 44 68
14 40 43 44 52 61 73
39 41 68 69
69
18 40 44 62 68
40 44 68
62
18 40 62
18 39 41 69
6 18
40 44 68
79
52 68
40 44 68
40 44
18 39 41 69
41 69
41 62 68
18 62 68 69
18 39 41 62 65
18 39 41 69 79
18 40 44 68
23 46 50 58 69
68
40
15 18 40
68
18 20 79
41 68
18 20 74 79
18 40 44 68 80
40 41 44
43 44 57 68
40 41
62 68
40 44 62
14 40 44 68
18 41 52 68 69
40 44 52 57
18 39 62 65 69 75 76
18 39
20 40 44 62 65 76
40 44 62
21 39 41 44
8 18 32 41 65 69 75
18 44 68
44 62 68 73
40 44 68
40 41 44
39 41 65 68
40 44 68
20 46 50 64 73
13 34 40 44 62 68
18 68
18 40 68
18 68
62 68
18 20 39 46 50
18 40
39 57 74 79
8 79
18 44
40
39 41 69
40 44 46 52 68 73
41 44 52 62 68
18 32 39 41 64 69 79
18 39 41 68 79
14 40 44 68
68 79
68 79
52 68 73
41 79
40 44 57 68 74 79 80
18 39 41 68 69
40 44 68
40 44 68
40 44 68 80
34 41 44 62
62 68 74
18 41 44 68
44 79
20 39 46 50 52 58 65
44 68
18 62 68
18 42 46 69
15 18 20 74 79
40 44 62
44 52 68
18 44 68
20 44 46 50 58 62 65
18 41 62 68 69
18 62 68 76
18 39 41 68 69
44 62 65 76
18 39 79
74 79
18 23 41 58 66 69 75
40 44 62 68
18 44 62 68
62 68
39 41 69
18 62 68
18 68 69
2 18 46 50 58 64 76
18 20 68 79
18 22 41 46
18 21 40 44 68 74 79
18 39 41 74 79
68 79
18 44 68
44 46 52 68
40 44 68
40 44 68
18 40 44 62
41 74 78 79
40 41 43 44
13 40 44 68 74
18 40 44 68 80
40 41 44 46 52 68 73
20 39 46 50
20 79
41 68
14 40 41 44 52 56 62 68 73
41 44
20 39 46 50 79
13 14 40 41 44 52 62 68 73
18 41 62 68
79
57 74 79
40 44 68 74 79 80
40 44 62 68
46 50 52 64
15 76
8 20 79
44 68
8 43 44 79
18 40 44 68 79 80
21 39 41
18 41 42 46 50 64 67 69
20 46 74 79
41 52 62 68
18 40 44 68
18 62 68
18 41 62 69
40 44 68
39 41 44 69
44 52 68 73 79
40 74 79 80
39 40 57 74 79
79
40
18 46 50 52 58 64 65 76
40 44 52 62 68 73
18 41 46 47 50
15 20 79
18 20 68 79
18 23 39 41 46 50 58 64
40 43 44 57 60 61 62
18 62 68
23 46 50 58
8 15 74 75 79
18 44 62 68
18 40 44 68
18 40 44 57 80
18 20 46 50 74 79
8 18 62
18 62
44 68
18 39
18 62 69
18 44 68
14 18 40 41 44 52 68 73
18 41 62 68
18 41 46 47 58 69
18 40 44 57 74 79 80
18 23 66 75 76 79
62 68
40 44 62 68
18 69
41 62 68
18
18 39
40 57 68 74 79
20 46 50 52 58
18 46 50 64 75
39 41 46 50 64 65 75
46 50 64
18 40 44 68
58 79
40 44 62 68
40 44 62 68
18 57 68 74 79
39 52
41 68 69
40 44 68
18 68
44
57 74 79
18 41 46 47 50 65
20 44 46 50 62 65 76 79
20 46 50 58 64
18 39 68
18 46 50 58 64 69
40 43 44 57 60 62
62 68
32 39 41 50 65
14 34 40 44 62
41
18 44 68
18 62 74 79
68 74
8 39 62
18 26 40 44 68
18 20 39 41 58 65
15 41
18 26 40
40 44
20 39 46 50 79
18 62 68
18 39 46 50 69 79
40 44 57 68 74 79 80
52 68
18 41 62 68
74 79
39 79
40 44
40
68
20 40 43 79
40 41 44 68
18 44 79
40
18 58 66
18 40
18 41 69
18 39 42 46 50 69
18 40 68 74 79 80
15 40 44 62 68
14 40 44 62 68
41 68
39 41 46 50 64
40 44 68
40 62 68 79
14 40 43 44 62
18 44
40 44 68
40 57 68
40 44 46 52 62 68 73
15 40 74 79
39 41 69
18
68
46 50 79
14 18 40 43 44
18 41 46 50 58 75 76
18 40 44
68
18 32 39 41 46 50 75 79
18 20 79
40 44 68
14 18 40 41 44 68 73
40 41 44 68
39 62 68
6 18 20 23 66
18 39 41 74 79
38 41 43 44 46 73 75 76
40 68
18 40
15 44 62 65 76 79
18 79
57 78 79
18 58 76
18 62 68 74 79
20 39 46 50 79
40 41
40 44 57 62 68
18 26 40
18 62 68
40 44
41 44 52 62 68
62 68
18 39 41 44
18 69
18 39 68 69
40 44
8 49
44 57 68
40 44 68 80
34 40 44 62 68
18 40 44 62
44 52 62 68
18 39 41 43 50
18 40
18 68 79
18 66
40 44 57 68
18 39 41 69
19 39 46 50 58 64
40 44 68 80
18 62 68 74
41 46 62
44 62 68
62 68
40 44 68
18 44 68
41 57 68
40 44 62 68
40 41 68
68 79
15 40 44 68
44 62 68
40 41 62
18 62 68
8 18 39 62 76
18 40 44 68
40 44 52 68 73
20 46 50 64 74 79
18 40 68
18 41 62 68 69
40 44 62
44 68
18 40 44 68
18 68 79
62 68 79
18 40
20 41 44 62 65
39 79
40 44 62 68
40 52 57 68 73 74
62 68 74 79
44 62
20 26 47 62 79
18 39 79
18 39 41 69 79
44 62 68
15 18 39 79
18 40 44
74 79
44 62 68
40 41 44 62
14 40 44 62 68
18 46 50 57 68
18
41 50 79
18 40 62 68
18 62 68
20 41 46 50 64 69
62 79
18 20 58 69 76
68
18 62 79
18 40 44 68
18 41 52
15 18 40 41 43 62 74 78 79
40 44 62 68 73
40 52 57 74
40 44 52 62 68
20 23 58 79
40 41 44
20 39 79
40 44 62 68
14 40 41 44 52 68 73
18 41 42 46 50 69
40 43 44 62
18 40 44 68 80
18 44 62 68
18 40 44
68 69
62 68
40 57 79
44 62
40 44 62 68
40 48 62 74 79
18 79
18 41 62 68
18 41 69
40 44 68
62
15 39 44 62 65 75 76
62 68
40 43 44 68
20 41 46 47 50 58 65 79
40 43 44 61
68 74
18 40 68
14 40 41 44 52 62 73
18
62 68
15 18 43 68
18 68 69
18 44 62 68
18 40 41 44 68
40 43 44 68
41 68
40 44 62 68
14 43 44 57 68
18 40
41
66 79
18 39 69
40 44 52 57 62 73
13 40 41 44 52 68 73
41
18 41 62 68
18 40 44 68 74 80
8 18 39 69 75
62 68
20 39 46 50 58 65 75
20 74 79
15 18 39 41 62 74 78 79
18 44 68
18 68
41 68
40 41 44 52 68
40 44 62 68
15 74 79
66
18 40 52 57 68 74
40 44 52 62 73
15 18 20 39 46 50 65 74 75 79
20 39 46 50
18 20 23
18 39 41 69 79
18 20 39 46 71 74 78 79
40 44 68
18 46 50 52 62 64
8 49 79
40
20 39 46 50 79
18 44 62 68
18 40
40 44 68 73
18 79
68
40 46 50 52 57 73 74 79
18 39 41 69
38 41 43 44 46 50 73 75 76
46 73 75 76
18 40 57 68 79
40 52 57 68
38 41 43 44 73 75
62 68
41 62 68
18 46 50 62
40 44 52 62 68 73
68
13 44 52 62 68 73
18 20 74 79
6 18 46
18 68
18 40 44
68
13 40 41 44 52 62 68 73
18 22 39 41 44
20 40 41 44 79
40 52 73
18 39 40 48 74 79
41 44
41 46 50 64 69
62 68
15 40 44 52 62 73
18 23 58 66 75
62 68
20 46 50 74 79
40 44 52 62 68 73
44 68 74
41 44 52 62
40 44 52
46 50 58
18 39 41 68 69
39 62 68
18 40 68 80
20 39 58
52 62 73
14 40 44 52 62 73
18 50 74 79
40 44 62 68
68
40 44 57 62 68
41 44 79
62 74
18 39 41 68 69
15 40 74 75 79
39 43 48
40 44 68
68
39 66
18 40
40 43 44 62
41 62 68
18 40 50 79
41 47 69
62 68
44 46 62
18 23 41 58 66 69
18 40 52 68 74
41 58 69
18 39 69
74 79
21 40 44 68
15 20 41 79
40 44 52 62 68 73
18 39 41 44
18 62 68 74 79
6 18 39 46 50
14 18 21 34 44 52 62 68
39 41 62 65 69 75 76
41 69
18 26 40 68
14 44 52 68
20 46 50
40 43 44 62
8 46 50 58 64 75
40 44 79 80
18 39 41 62 68
57 74 79
18 40 62
40 44 62 65
40 44 57 68 74 79 80
40 44 62 68
18 46 58 75
40 44 52 57 62 68
43 44 52 68
40 62
79
40 44 68
18 23 79
40 44
8 18 69
15 49 74 79
40 44 68
40 62 68
14 18 40 41 44 62
40 68
40 44 62
44 62 68
14 40 44 68
44 68
18 40 48 69 74 79
40
20 46 50 64 73
14 40 43 44 57 61 62
18 66
44 62 68
39 40 44
18 41 52 62 68
18 68
44 62 65 75 76
18 62 74 79
68
18 40
15 18 20 39 41 46 50 71 74 78 79
18 44 68
18 41 69
15 18 71 74 78 79
8 18 44 62
40 68
40 62 68 73
40 41 44 52 62
18 41 44 68
40 44 57 68
8 68
62 68
39 47 69 79
18 62 79
15 50 57 69 74 79
74 79
18 40 62
18 41 68
15 20 40 44 62
49
40 44 68
18 40 46 50 52 57 73 74 79
68 69
39 41 65 68
44 52 69 73
18 62 68
18 40 68
18 20 79
40 44
18 40 43 44 52 68 73
62
18 62 68
20 57 68 79
79
62 68
15 20 23 79
18 41 68
26 47 79
44 62 68
18 41 46 50 52 64 68
39 41 68
40 50 52 57 73 74
62 68
41 68 69
40 44 79
15 40
18 20 74 79
41 44 62 68
40 44 62
18 41 68
18
18 79
18 20 46 50 79
15 40 44 62 65 76
18 62 68
44 62 68
20 46 50
18 40 68 80
21 79
18 20 39 41 46 50 69 79
40 74 79
18 68
18 20 39 46 50
40 43 44 57 62
68
18 62 68
18 39 41 46 62 74 78 79
40 44
18 62 68
18 40
41 44
18 44 62 68
40 44 62
41 52 62 73
44 62 65 75 76
18 26 40
62
18
18 40 44 68
39 46 50 58 65
13 14 40 41 44 52 56 62 68 73
18 79
6 18
18 62 69 75
40 41 44 52 68 73
20 44 46 50 58 65 75 79
6 18 20 29
15 40 44 62
44 68
40
18 32 39 41 75
13 14 40 44 52 62 68
41 68 69
18 40
62 68
18 40 44 68
8 46 50 52 58 65 75
18 41 46 68 69
18
18 41
52 68 73
26 47 79
20 40 43 50 79 80
40 57 62
44 68
58 66
40 52 57 74
18 34 41 68
15 46 50 69
68 79
41 68
8 18 69 79
68 79
18 68
20 46 50 52 58 75
18
62
18 41 68 69
18 40 44 80
18 40 44 68
44 62 68 79
40 44 57 74 79 80
18 39 46 50 52 57 79
40 43 44 62
20 58
18 20 32 39 46 50 75 79
18 62 68
40 44 68 74 79 80
62 68
18 41 42 46 47 50 69
18 40 68
62 68
18 40 44
18 57 68 74
44 62 68
43 68
18 20 46 50 58 64 65 75
40 44 62 68
18 20 79
40 62
47 58 65
18 79
18 41 68
18 44 68
15 39 41 47
40 41 44 62
40 41 43 44 62
18 44
18 40 79
15 20 74 79
40 79
40 57 68 74
68 69
40 44 62 68
18 40 44 62 68
18 41 44 46 52 68
68
40
18 44 62 68
18 39 41 44 65 69 75 76
40 52 57 68 73 74 79 80
40
40
18 40 68 80
41 62 68
40 62 68
20 39 46 50 58 65
15 18 20 74 79
18 20 66
18 62
40 44 62 68
8 18 69 75
44 52 57 68 79
40 44 68
40 41 44 62 65 75
20 40 46 52 57 73 74 79
44 62 78
40 44 57 68
43 57 79
18 79
18 40 68
62 68
15 44 62 65 75 76
40 44
18 20 29 36
68
62 68
18 39 78 79
40 44 68
18 62
52 73
18 39 58 66
44 52 62 68 73
41 44 52 62 68
40 44 62 68
68
39 41 44 62 68 69
18 40 74 79
40 41 44 62 68
18 44 68
18 68
40 44 68 80
18 41 46 47
18 41
18 40 44 68
18 41 42 46 50 64
62 68
18 44 68
40 62 68
18 39 41 44 62
14 18 41 44 62
40 41 49 52
18 69 75
18 68
40 46 50 52 57 73 74 79
34 40 44 62
18 20 23 41 46 50 58
18 40 68 80
18 32 39 41 68
68 79
40 43 48 60 62
18 62
41 58 66 75
20 41 46 50 79
40 41 44 52 68
40 44 68
18 20
62 68
18 62 68
40 44 68
58 66 75
18 69
18 40 68
20 40 41 79
14 40 44 62 68 73
40 44 68
57 68 79
15 20 23 46 50 79
40 44 52 68
18 57
14 40 41 44 52 73
18 44 68
40 41 68
18 40 41 44 62 68
62 76
62 68 74 79
40 68
79
18 40 68
14 44 62 68
41 44
18 40 68 80
15 44 62 65 79
18 62 68
40 44
41 46 50
40 44 62 68 74
18 40 68
68 79
18 68
41 62 68
20 40 43 50 79 80
57 68
18 40
41 68
62 68
68
18 39 66
68
18 46 50 64
18 39 41 69
40 44 68
66
18 26 40 68
18 44 62 68
40
20 79
79
18 62 68
18 39 68 79
39 46 50 58 69
18 40 44
18 20 79
62 68 79
40 41 43 44 62
18 39 41 44 69
18 62 68
50 57 74 79 80
23 47 79
52 68
20 46 50
52 68
40 44 68
39 44
40 62 68
62 68
44
18 39 44 69
68 74
62 68
15 18 44 79
40 44 62 68
62 71 74 78 79
18 40 68 80
18 40
18 20 39 71 74 78 79
15 20 40 74 79
18 62 68
18 62 68 69
44 62 68 73
40 44 62 65
18 40 68
18 46 50 58 65 76
40 44 62 68
18 40 44 68 74 79 80
15 20 74 79
18 41 68
18 41 46 47 69
46 52 62 68
18 40 46 50 52 57 68 73 74
18 44 68
46 50 58
18 32 41 69
40 44 60 62 68
40 44 62 68
18 44
18 39 41 62 65
18
20 39 46 50 79
44 62 68
40 43 44 62 68
18 62
18 39 41 50 69
40 74 79
18 20 39 65 75 76
14 40 43 44 62 68
68
52 68
40 44 52
79
46 50 58 64 73 76
57 62 68
46 50 52 73
20 39 46 50 58 64
41 44 52
18 58 66 75
52 62
41 68
18 68
44 62 65 75 76 79
18 41 69
18 62
18 39 41 46 74 78 79
44 68
14 18 34 44 68
40 48 74 79
18 20 66
18 20 66 79
39 58 66 79
39 41 69
18 57 68 74 79
18 68
39 46 50 52 58
18 44 62 68
62
44 46 52 68
40
44 62 68
18 20 46 50
40 44 68
18 39 41 65 69 75
34 44 52 68
40 44 68
40 44 68
8 18 65 69 79
41 44 62
20 79
18 39 41 52 62
18 20 39 46 50 58 65 69 75 76
68 79
18 62
18 40 68 74 79 80
15 74 79
40 43 44 60 62
18 68
18 20 74 79
18 40 44 68
18 20 79
18 62
40 44 62 68
28 41 44 52
18 40 68
20 39 46 50 79
18 40 44 68 74 80
18 20 21 79
40 41 44 62
14 40 41 44 62
79
40 43 44 46 68
14 18 40 41 44 62 73
52 68 73
44 62 65 68 79
44 52
8 18 41 69
39 41 79
39 41
40 44 68
18 62 68
44 62 68
8 18 69
39 74 79
18 68
41 46 50 58 75
39 66
18 68 79
40 44 52 73
18 44 52 62 68
14 43 44 61
41 68
15 46 47 50 65 79
18 40 44 52
40 44 62 68
41 69
44 46 50 52 68 73
18 41 68
18 41 44 52 62 68
18 40 62 68
40 44 62 68
62 68
41 44 62 68
40 44 68
40 44 62 68
18 46 50 62
18 62 68
79
21 68
18 40 48 68 74 79
18 46 62 68
40 44 52 62 68 73
18 40 44 52 62 68
39 68 74
39 41 46 50 64 65 75
40 44 68 74
74 75 79
18 40 74 79 80
18 40 44 68
18 40
40 44 68
40 68 79
18 41 42 46 50 69
46 52 58
18 74 79
20 40 74 79
40 44 52 57 62
40 44 52 62 73
44 62 65 75 76
44 52 68 73
18 20 79
18 79
14 18 40 41 44 62 68
40
20 39 40 46 50 79
18 68
18 69
52 68 73 74
14 18 40 41 44 52 62 73
41 68
20 46 50 64 79
18 46 50
18 40 48 74 79
15 39 79
62 68 79
49 79
20 23 58 66
18 20 66
40 44 68
40
40
18 62 68
18 68 79
40 44 68 74 79 80
40 44 68
18 23 79
14 43 44 61
18 41 46 47 69 79
41
41 79
2 46 50 52 58 64 76
14 40 44 62 68
8 18 41 65 69 75
39 57 68 74 79
41 62 68
34 40 44 62 68
40 44 52 62 68 73
20 39 46 50 58 65
40 41 44 52 73
15 20 79
18 39 41 69
40 44 52 62
40 44 62
18 39 41 44 68 69
18 40 44 68 80
18 62 68
68
68 74
18 79
43 44 61
8 46 50 52 58 64 65
41
68
68 79
18 39 41 46 47 58 69 75
18 20 23 29 66 79
39 41 68
18 40 68
18 62 69
20 44 46 50 62 65
18 39 41 44 68
15 20 74 79
14 18 40 43 44
18 20 74 79
40 44 62 68
40 41 44
40 46 50 52 57 68 73 74
18 20 50
18 20 41 79
40 44 52 62 68
18 20 79
20 40 43 50 79 80
39 57 79
66 69 79
14 40 44 52 68 73
40 41 44 62 68
62 68
20 74 79
18 68 74
39 66
18 44
40 62 79
8 18 58
18 44 68
18 69
39 41 57 74 78 79
18 68
40 41 44 62
26 47 62 79
40 44 68
6 18 46 50 76
18 44 68
18 39 41 44
68
62
79
18 20 79
18 40 68 80
68
40 44 68
18 41 68
18 68
18 40 46 50 52 57 73 74 79
18 20 41 46 50 69 79
20 39 46 50 79
62 68
20 46 50 57 74 79
14 18 40 41 44 62
40 44 68
18 68
62 68
50 57 74 79
18 44
68
79
18 41 69
46 52 68 73
15 47 50
41 43 44 52 62 73 75
40 62
40 43 52 57 62 68 73
69 79
18 32 68 69
18 44
18 46 50 58
18 40 68 80
18 79
18 62 68
18 40 44
18 39 41 68 69
18 40 48 74 79
18 40 68 80
45 58
15 18 79
44 62 68
18 20 46 50 79
