44 62 65 75 76
18 40 44 68 79 80
62 68
18 41 42 46 50 69
40 41 44 68
18 39 62 71 74 78 79
40 44 62 68
15 44 79
40 41 44 52 68
41 44 62 68
18 23 46 50
18 41 68
18 39 41 69
40 44 68
41
6 18 39 46
40 68
18 26 40
44 68
13 14 40 41 44 52 68 73
18 40 68 80
18 41 44 68
20 39 40 43 50 79 80
8 18 32 62 65 69 75
79
18 40 48 74 79
39 41 65 69 75
18 41 44 68
40 44
18 41 68
40 44
23 66
18 41 44 68
18 39 41 68 69
18 23
46 58 76
20 46 50 64
41 44 68
39 74 79
18 41 68
18 20 46 50 58 65
44 68
6 23 66
18 40 62
18 41 69
18 62 79
6 18 20 45
39 41 46 50 64 65 75
18 26 40
40 41 44 68
68 73
8 79
18 20
18 39 41 69
8 20 74 79
18 40 44
40 44 68
18 39 41 69
18 39 41 44 65 69 75
18 46 50 64
20 23
18 41 44 68
18 26 40
58 69
18 41 68
41 44
43 44 62
62
18 39 41 69 79
18
18 40 44 68
40 44 68
18 41 44 68 69
47 79
18 39 41 69 75
18 62 68
40 44 68
8 18 32 41 69 75
18 39 46 50 58 65 76
62
18 41 68 79
40 44 68
18 41 68 79
20 41 46 50
18 42 46
14 40 44
18 66 79
18 40
46 50 52 68 73
41 52 73
41 68
18 39 68
41 44 68
40 41 44 52 62 73
44 68
40 41 44 52 62 68
40 44 68
15 23 46 50 65 79
40 41 44 62
40 41 44 68
8 49
79
18 41 44 68
39 66 75 79
18 46 65 75
18 44 68
18 41 68
18 40 44 68
8 18 41 62 69 75
41 44 62
40 44 62
41 44 68
18 40 68
18 39 66
18 40 68 74
41 44
38 41 43 44 52 73 75
15 40 44 68
44 68
18 39
68
46 50 58
15 20 41 79
18 41 46 68 69
40 41 44 68
18 46 50 58 65 66
39 41 69
40 62 79
40 41 44 52 68
18 74 79
18 47 79
44 62 68
41 74 79
18 58 69
15 18 74 79
18 41 62 68
18 39 41 69
18 41 68
18 32 39 41 75
18 41 44 68
18 68
41 68 79
18 40 44
47 79
18 41 44 68
18 44 68 74
14 18 41 44 62 68
40 44 62 68
18 41 44 68
41 69
18 41 68
18 39 44 65 75 76
41 69 75
18 20 71 74 78 79
13 40 41 44 52 62 68 73
18 62
40 44 62 68
18 41 68 69
39 46 50 65 75 76
18 62 68
40 41 68
18 41 68 74 75
18
18 41 44 68
18 41 44 52 68
18 41 68 69
40 41
18 41 44 68
40
15 41 46 50 52
14 40 43 44
15 20 39 47 58 65 75 79
79
40 44 68
40 44 68
15 23 41 46 47 50 58 79
18 40 41 68
39 41
18 41 68
44 68
62 78 79
15 39 44 62 65 76 79
62
40 41 44 52 68 73
18 41 68
18 41 44
40 44 68 80
47 75 79
40 44 68
40
18 39 46 50 76
40 43 44 68
18 20 74 79
18 41 44 68
18 79
18 41 44 69
18 23
40 43 44 60 68
18 41 68
20 40 43 50 79 80
40 68
18 40 44 68
41 44 68
40 44 62
44 62 65 75 76
14 40 44 62
18 50 58 64 75
40 44 68
39 41 74 79
41 44 52
18 20 23 46 50 58 75
41 44 62
18 39 41
18 41 68
18 62
15 40 44 62 68
41 46 75
18 40 48 74 79
40 44
8 15 40 49 79
41 68
39 69
40 44 62 63
41 44 62 68
20 74 79
18 40 44 68 74 80
41 44 68
15 40 44 52 62
18 52 57 68 74 79
41 44 68
40 44 68 80
18 40
40 44 68
18 23 62
18 68
40 41 44
40 44
18 39 41 44 68
18 39 41 44 69
41 44 46 52 68
18 40 44 52 62
62 76
18 23 39 46 50 58
39 46 50 64
44 52 68
39 41 69
8 44 49 52
40
44 52 62 68
41 68
40 44 68
62
18 22 39 41 69 72
20 23 66 79
20 23 66 79
41 44 68
40 44 62 68
40 41 44 52 62 68
18 40 44
18 44 68
18 41 46 50 64 69
39 41 44
44 68
20 46 50 64
18 40 41 44 62 68
18 39 41 44 65 69
40 44 62
41 44 68 69
40 44 62 68
20 40 43 50 79 80
18 41 44 68 69
41 62
58
18 44 68
15 18 39 41 62 74 78 79
18 40 44 68
40 41 79
18 39 41 74 78 79
18 44 68
40 46 50
8 18 39 44 75 76
18 23 79
18 69
40 44 68 80
18 40
40 44 62 68 73
18 41 46 50 58 65
20 74 79
18 62 74 79
18 40 44 80
41 68 69
18 41 68
40 44 68
44 62 65 75 76 79
19 44 46 64 68
18 40 68 80
18 44 69
18 41 42 46 50 69
18 40 44 80
18 41 44 62 68
62 74 79
46 64
41 68 79
40 41 44 62
18 41 69 74
40
18 46 50 58 64 65 76
18 41 44 68
40 41 44 68
66 75 79
18 68 79
41
44 68
74 79
18 40
18 40 48 74 79
40
40
18 40 44 68 79 80
40 52 57 74 79
15 44 62 65 75 76 79
40
40 44 62 65 75 76
40 41 44 68
18 62 68
18 40 44 68
44 62 68
15 18 39 43 79
40 41 44 68
41 44 62 68
41 68
18 41 44 62 68
41 62 68
18 41 46 50 69
18 39 41 65 75
18 41 68
41 69
41 44 68
18 41 44 68
20 26 47 79
8 18 41 68 69
46 79
74 78 79
41 44 68
40 44 62 68
40 44 57 74 79 80
79
40 44 80
46 50
18 40 44
18 39 41
41 68
18
18 41 44 68 69
40
18 39 41 65 69 75
18 40 44 68 80
40 44 62 68
62
68
40 41 44 52 62 68
18 39 41 69
39 41 68 69
39 41 69
40 41 44 52 57 68
18 41 68
40
15 44 79
18 41 69
41 44 68
40 44 62 68
39 41 68 69
18 20 39 47 79
39 74 79
18 40 44
14 18 40 41 44 52 62 73
40 44 52 68
18 40
18 46 50 58 64 65 75 76
41 44 68
46 50 64
41 44 68
18 20 79
39 41 47 79
20 74 79
41 65
40 74 79
23 66 79
18 20 39 41 69
41 44 68
40 44 68
18 29
40 44 52 62 73
18 39 40 48 74 79
15 20 39 69 79
41 62 68
20 44 64 68
18 41 44 68
8 18 39 41 46 50 75
44 62 65 76 79
15 20 46 50 65 79
18 39 41 69
40 41 44 68
52
79
40 44 68
18 26 40 44 68
14 40 41 62
18 39 41 62 68
41 65
18 39 44 68 69
18 41 68 69
6
18 46 50 64
44
18 39 69
39 74 79
18 74 79
40 41 44 52 57 62
18 39 41 46 50 64 65 75
18 44 68
18 39 41 69
39 74 79
8 79
18 22 39 41 72 79
40 44 68
18 62
41 44 68
18 41 44 68
41 68 69
40 44 52 62
18 20 23
18 20 39 41 46 50 64 65 69 76
41 62 69 75
14 40 41 44 52 62
68 75
18 41 44 68
40 41
18 41 44 68
40 44 52 68
40
20 40 57 74 79 80
40 41 44
20 74 79
40 44 48 62
18 40 62
14 40 43 44 57
18 41 44 68
14 18 40 41 44 62 69
18 62
43 44 57
44 68
18 40 46 52 57 73 74 79
40 41 44 62 68
62
40 44 68
40 46 64
6 18
18 40 68
40 44 68
40 41 44 62 68
15 23 39 79
66
18 40
41
4 40 44 52 62 73
40 46 50 52 57 73 74 79
66
20 74 79
40 44 52 68 73
41 68
41 79
18 39 41 69
18 20 46 50 69 75
18 41 44 68
40 44 48
18 44 68
46 50 64
41 74 79
18 41 68
39 41 68
40 41 44 62
44 62
39 40 44
40 44 68
18 40 68 79
40 41 44 68
15 39 79 80
40 44
18 41 44 68
44
41 68
20 40 41 46 50 74 79
2 18 46 58 76
20 47 50 79
41 79
18 41 42 46 50 64 69
18 44 62 68
40 44 68
18 41 68 79
40 44 62 68
18 41 69 74
68
40 68
40 57 74 79 80
18 41 44 62
40 41 44 62 68
46 50 65 79
18 40 44 52 62 68
18 41 69 75
40 44
18 23 66 75 76 79
40 44 52 68 73
18 39 41 62 68
41 68 79
18 44 62 68
58 65 66 69 75
20 44 65 75 76
44 68
40
14 40 41 44 62
15 18 39 44
41 44 52 68
20 50 79
18 41 44 68 69
40 41 44 62
40 44 68
40 41 44 62 68
40 44 52 62 68
20 23 39 58 79
15 74 79
41 44 68
20 29 50
15 20 47 58
18 32 39 41 50 69 75 79
41
18 20
18 32 69
44 46 50 58 65 79
41 69
44 52 68 73
20 39 46 50 75
18 39 40 68 79
41 79
40 44 68
41 68
18 40 44
18 41 44 68 69
41 44 68
68
66
18 20 79
23 41 79
18 21 44 68
15 40 44 62
74 79
50 58
18 41 69 75
44 62 68
39 41 65 79
40
41 44 75
18 62
52 62
18 23
18 68 79
41 44 68
20 46 50 58 64 65
44 79
41 44 68
41 44 68
18 40 68 80
18
40 41 44 62 68
8 18 76
20 74 79
9 18 20 39 41 46 50 58 64
40 43 48 62 79
18 41
20 40 46 50
15 20 47 79
18 41 44 68
40 44 62 68
18 75
39 41 44
18 46 50 58 64 65
18 41 68 75
18 41 68
40 44 68
18 41 68
18 20 46 50 58 65
15 23 46 50
18 41
40 52 57 74 79 80
18 41 68
40 41 44 68
40 41 44 68
39 41 62 79
18 68
23
18 39 41
32 41 69
41 44 68
18 41 44 68
18 41 68
8 15 74 79
18 39 41
18 39 41
18 40 68
40 44 62
41 44 52 62 68 73
18 20 46 50 69
18
18 29
18 41 68
18 41 68
44 46 47 65 79
18 39 41 44 68 69
39 40 41 44 50 75
40 41 43 44 62 73
23 47 79
18 41 68
20 40 43 50 74 79 80
40 44 68
62 68
15 40 74 79
41 44 68
41 44 68 74 79
18
18 41 68
18
18 46 50 52 58 64
41 79
18 40 44 68
18 40 41
40 41 44 62 73
40 44 68
40 44 62 68
8 18 20 32 41 46 50 64 69 79
41 68
18 41 68 69
18 23 40 79
39 46 50 58
40 44 68
14 43 44 57
18 41 68
15 44 65 79
40
18 39 41 69
40 44 68
18 40
44 68 69
15 40 41 44 62 68
18 41 44 68
18 41 44 68
18 39 40 79
18 39 44 69
44 68
18 41 44 68
40 62
39 41 69 75
20 39 46 50 52 58 79
18 23 62
18 41 68
18 41 68
8 46 50 64
79
18 46 50 58
65 75
43 44
40 74 79
40 41 44 62
18 62
44 68
41
39 40 48 74 79
8 18 41 68 69
40 44 68
15 18 41 46 50 64
18 22 39 41
41 44 69
18 39 41 69
40 44 62 68
43 44 57
41 46
41 68
8 18 44 75
18 62 68 79
41 44 62
68 69
40 44
44 62 68
40 44 80
18 40 44 68
8 18 39 76
15 18
40 44 68
18 40 44 68 80
23 79
15 44 62 65
40 44
18 41 68
44 62 68
18 44 68
40 44 52 57 74 79
41 44 68
44 52 68
18 44 68
20 39
44 68
18 39 41 69
23 29 66
40 44 48 62 68
20 79
40 41 68
18 23 58 65
18 41 68
41 68
40 43 44 52 57
18 23 79
14 40 43 44 61 62
18 40 41 44 52 68 73
69 79
18 41 68
40
14 18 41 44 52 68 73
57 74 79
44
41 44 62 65 75 76
40 44
44 62
40 41 44
18 39 68 74
41 46 50
18 41
68
18 40 44 62 68
18 41 68 69
8 20 49 79
18 41 69
44
8 18 41 69 75
40 44 52 62
40 44 62 63
18 40 44 74 79
41 68
18 41 68
15 18 39 47 50 64
41 44
18 23 41 46 50 58
18 41 44 68
18 40 44
18 41
18 40 41 44 68
18 46 58 65
18 40 68
69
62
19 44 46 64 68
18 20 39 46 71 74 78 79
39 41 44 69
15 46 50 74 79
40 41 44
18 58 66 75
14 40 41 44 62
79
18 40 44 68 80
18 44
20 23 39 41 79
41 44 49 68 73
40 44 62 68
44 79
18 40 68
18 40 44 62 68
18 74 79
40 44 62
18 68
18 40 44
39 41
14 40 41 43 44 62 73
18 41 44 68
20 40 43 44 79 80
14 44 62
18 41 68
18 50 58 66 75
18 44
18 41 44 68
18 40 44 68 74
18 41 44 68 69
40 44 68 79
18 40 44 62
41
18 41 68
18 41 44 68
8 18 39 75 76
18 41 46 69
41 69
4 44 62 68
41 69
20 79
15 40 43 79
41 44
18 40
18 41 68
15 18 19 46 50 52 64
18 75
39 41 69
68 74 79
40 44 68
20 39 40 46 74 79
40 44 68 80
18 20 23 41 50
41 44 68
40 44 62 65 75 76
39 41
18 26
40 68
41 44 62 68
40 44 68
18 39 41 44 68 69
18 41 68
41 68 74 79
18 44 62 68
41 69 75 76
40 44
40 41 44
79
18 41 68
18 32 41 68 69
40 44 68
14 40 41 44 62
62
46 47 50 79
66
40 43 44 68 80
49
18 41 44 68
20 79
44 68
44 52 62
18 32 69
18 40 62 68 74 79
44 65 68 75
18 41 68
40 41 44 62 68
44 62 68
18 79
18 20 52 62
40 44 62
43 62
40 41 44 68
39
18 20 41 65 69
18 39 41 68
41 44 62
41 44 68
43 44 52 57
18 39 41 68 69
18 41 69
40 44 62 68
40 44
62
18 40 79
18 39 41 69
6 18
40 44 68
18 41 68
52 68
40 44 68
40 44
18 41 69
41 68
18 41 44 68
41 44 62 68
18 39 41 44 62 65
18 39 41 69
40 44 68
23 46 50 69
18 41 44 68
40
15 40 79
68
18 20 79
41 44 68
18 20 23 79
40 44 68 80
21 40 44 68
41 43 44 57 68
40 41 44 68
18 41 44 68
40 44 52 62
14 40 44
18 41 68 69
40 41 44 57 68
18 39 62 65 69 75 76
18 41 44 68
20 40 44 62 65
40 41 44 79
39 41 44
8 18 32 41 65 69 75
18 44 68
40 44 62 68 69
41 44 68
40 41 44
39 41 44 65 68
40 44 68
20 46 50 64 69 73
40 44 62 68
18 68
18 40 44 68
18
62 68
18 20 39 50 69
40 57 74 79
41 57 74 79
41 68 79
18 44 68
40
18 39 41 69
40 44 46 52 68 73
41 44 68
18 32 39 41 69 79
18 41 68 79
40 41 44 68
21 68 79
44 79
41 52 68
79
40 44 68 74 79 80
18 39 41 68 69
40 41 44 79
40 44 68
18 40 44 68 80
18 41 44 62 68
18 68 74
18 41 69
44 68
20 39 46 50 65 80
41 44 68
18 41 44 68
18 39 41 46 69
15 20 74 78 79
40 44
18 44 52 68
18 44 62 68
20 44 46 50 64 65
18 39 41 68 69
18 44 62
18 39 41 69
44 62 65 75 76
8 79
15 74 79
58 66 75
18 44 62 68
18 44 62 68
40 41 44 68
39 41 69
18 41
18 41 68 69
18 46 50 64 76
18 20
18 22 41 46 72
18 21 40 44 68 74 79
18 39 41 68 69
41 68 79
44 68
40 44 52 68
40 44 79
40 44 68
18 40
41 74 78 79
40 41 43 44 57
13 40 44 68
18 40 44 68
44 52 68 73
20 39 46 50 65 80
79
18 41 68
40 41 44 52 68 73
32 39 41
39 46 50 79
13 14 40 41 44 52 68 73
18 41 44 68
79
40
40 44 74 79 80
44 68
46 50 52 64
40 46 50 57 69 74 79 80
20 21 79
39 41 44
8 18 41 65 69
18 40 44 68
32 39 41 44
18 41 42 46 50 64 67 69
20 74 79
18 62 68
40 44
18 41 44 68
18 41 69
40 44 68
41
15 43 44 50 52 68 73 79
40 74 79 80
18 39 41 74 79
79
40
18 46 50 58 64 65 76
40 44 62 68
18 41 46 47 50 69
41 74 79
18 20 68
18 23 39 46 50 58
43 44 57 60 61
18 39 41 68
23 46 50
8 15 74 75 79
18 39 41 44 68
18 40 44 68
18 40 44 57 80
18 79
8 18
18 62
40 41 44 68
40 41 44 68
18 62 68
18 44 68
14 40 44 52 68
18 40 41 44 68
18 41 46 47 50 58 69
18 40 74 79 80
18 23 66 75 76 79
18 41 68
40 44 62 68
8 18 69
41 44 62
18 44
18 39
40 44 57 68 74
18 20 39 46 50 69
18 46 50 64
39 41 46 50 65 75
46 50 64
18 40 44 68
58 66 79
40 44 62 68
40 44 79
18 68 74 79
52
18 41 44 68
40 44
18 41 44 68
18 44 68
18 52 74 79
18 46 47 50 65
20 41 44 46 50 62 65 76 79
8 20 46 50 64
18 39 68 69
18 46 50 64 65 69
40 43 44 62
18 41 68 69
32 39 41 50 69
14 40 44 62
41
18 41 44 68
18 40 74 79
68
18 39 68 79
18 26 40 68
18 20 39 46 50 58 65 76
18 41
18 26 40
40
40 52 57 74
18 68 69
74
40 44 57 68 74 79 80
18 41 44 68
18 41 68
18 41 74 79
39 41 44 79
40 44
40 41
40 44 68
20 40 43 79 80
40 41 44 62
44 79
40 44
18 58 66
18 23 46 50
18 41 69
18 39 41 42 46 69
40 44 74 79 80
15 40 44 62 68
14 40 44 62 68
41 68 69
39 69
40 44 68
40 44 79
14 40 43 44 62
18 44
40 44 68
41 44 68
40 44 46 52 73
40 74 79
39 41 69
18
18 41 68
18 39 68
18 41 44 68
18 46 50 58 65
18 40 44
18 39 41 68 69
18 32 39 41 46 50 75 79
18 20 39 68
40 44 68
14 18 44 62 68 73
41 44 52 68
41 68 69
6 18 23 66 79
39 41 79
41 43 44 46 73 75
40 44 68
40 79
15 44 62 65 76
79
74 79
18 23 50 58 65
8 18 41 68 69
52
40 41
13 40 44 68
18 26
62 68
40 69
41 44 68
62 68
41 44
18 69
18 39 41 44 68 69
40 41 44
8 49
41 68
18 40 44 68 80
34 40 44 68
18 40 44 62
44 62 68
18 39 41 43
18 40
18 68 79
18 66
40 44 57 68
18 39 41 69
18 39 46 50 58 64
18 40 44 68
18 41 68
41 68
18 44
41 44 68
40 44 68
18 41 44 68
41 68
18 44 68
40 41
41 68 79
79
14 44 68
40 41 44 62
18 41 68
8 18 39 62 76
18 44 68
40 44 52 74
20 46 64 79
18 40 68
18 39 41 69
40 44 62
41 44 57 68
40 44 68
68 79
18 41 44 68 79
18 40
20 41 44 65
39 41 79
40 44 62 68
40 57 68 74
68 74
40 41 44
20 47 62 79
18 41 68 69
18 39 41
44 68
18
18 40 44
18 74 79
41 44 62 68
9 40 41 44 62
14 40 41 44 62 68
44 46 50 68 69
18
41 74 79
18 40 41 44 68
40 41 44 68
20 41 46 50 52 64 69
15 40 62 74 79
18 20 58 69
41 44 68
62 79
18 40 44 68
18 41
18 40 41 74 78 79
40 44 52 62 68
52 57 74
40 44 62 68
20 58 79
40 41 44 68
79
40 44 62 68
14 40 41 44 52 68 73
18 41 42 46 50 64 69
40 41 43 44 62
18 40 44 68 80
41 44 62 68 69
18 40
18 41 68
18 41 68
40 57 74 75 79
41 62 68
40 44 68
18 40 48 74 79
18 79
18 41 44 68
18 41 69 75
40 44 68
62
39 44 62 65 75 76
18 41 68
40 44 68
15 41 47 50 65 79
40 44 52 73
41 68 74
18 40 44 68
14 40 41 44 52 62 73
18 41 68
41 68
18 39 41 68
18 41 68 69
18 44 62 79
18 40 41 44 68
40 43 44 68
41 44 68
18 40 41 44 68
14 41 43 44 57
18 23 40
41
23 66 79
18 39 62 69
40 44 52 62 73
41 44 52 68
40 41
18 41 68
18 40 44 68 80
18 39 41 69 75
41 44 68
20 39 46 50 58 64 65
20 74 79
18 41 74 78 79
18 44 68
18 41 68
18 41 44 68
41 44 52 68
18 40 44 62 68
57 69 74 79
18
18 40 41 52 57 68 74 79
40 44 52 62 68
15 20 39 65 74 79
20 39 46 50
18 20 23 58 66
39 41 69
18 41 62 71 74 78 79
18 41 44 68
18 46 50 64
8 74 79
41 44 69
20 39 40 46 50 69
41 44
18
44 68
18 44 68
41 68
18 41 68
18 39 41 44 65
38 41 44 68 73
18 41 62 68
18 40 44 74 79 80
52 68
38 41 43 44 62 73 75
62 68
41 68
40 62
41 68
18 41 68
13 40 44 52 68 73
18 20 74 79
6 18 23
18 68
18 40 41
18 41 68
18 40 41 44 52 62 68 73
18 39 41 44
20 57 79
40 41 52
40 48 74 79
18 41 44 68
41 46 50 64 69
18 41 44 68
18 40 41
18 23 58 66 75
41 62 68
20 46 50 74 79
15 46 50 79
44 57 68 74
41 44
44 52
18 46 50 58 64 65 76
18 39 41 69
68 79
18 40 68 80
20 39 58
44 52 62 68 73
18 41 44 68
41 75 79
18 40 41 44
18 41 68 79
40 44 62
41 44 68
44 62 68 74
18 39 41 68 69
15 40 74 75 79
43 48
40 41 44
18 39 41 68 69
39
18 40
40 41 43 44 62
40 41 62 68
18 39 40 44 62
41
18 41 68
44 46 68
18 23 41 58 66 69 75
40 52 57 68 74
18 41 50 69
39 41 69
74 79
18 41 44 68 69
15 41 74 79
14 40 44 52 62 68
18 39 41
68
6 18
18 21 34 44 52 62 68
39 62 65 69 75 76
41 68
18 26 40
18 44 68
20 46 50 79
40 43 44 62
8 46 50 64 65 75
40 44 80
18 39 41 44 68
57 68
40 41 44 79
40 44 62 65
18 41 44 68
39 40 41 44
18 23 46 50 64 65
40 44 52 62 68
43 44 52 68
40 62
79
18 40 41 44 68
18 23 79
40 44
18 39 41 69
41 74 79
40 68
18 41 44 68
14 18 41 44 62
18 40 68
40 44
18 41 44 68
14 40 44 68
44 68
18 40 62 68 74 79
40
20 46 50 64 73
14 40 43 44 57 61 62
18 75
14 44 62 68
39 40 44
18 41 62 68
18 23 79
44 62 65 75 76
18 68 69
18 41 44 68 74
18 40
15 18 20 39 41 46 71 74 78 79
18 44 68
18 39 41 69
18 41 71 74 78 79
8 18 44
40 68
40 62
40 41 44 62
18 39 41 44 68
18 41 44 68
8 39 41
18 41 68
15 39 47 69 79
44 62 79
15 57 69 74 79
41 74 79
40 44 68
18 41 44 68
15 40 44 62 68
49 79
13 40 44 68
18 40 46 50 52 57 73 74 79
41 68 69
39 41 65
44 52 68 69
18 39 41 68
18 41 44 68
18 20 79
40 44
18 39 40 44 52 68
62
18 41 44
20 44 57 79
8 62 79
18 41 44 68
20 23 79
18 41 68 79
47 79
44 62 68
41 44 46 52 64 68
39 41 44 68
40 52 57 73 74
41 62 68
18 39 41 68 69
40 44 68 79
15 40
39 40 41 74 79
41 44 62 68
15 23 46 47 79
18 41 69 79
41 62
18 79
18 39 41 69
40 44 62 65 76
62 68
44 68
20 46 50
18 40 44 68 80
21 79
18 39 41 69 79
44 74
18 41
18 20 39 46 50 69
40 41 43 44 57 62
68
18 41 68
18 39 40 41 74 78 79
40 44
18 41 44 68
18 41
40 41 44
18 40 44 62 68
14 40 41 44 62
41 52 62 73
44 62 65 75 76
18 26
62
40
18 41 44 68
39 46 50 58 79
13 14 40 41 44 52 56 62 68 73
79
18 40 68
8 41 62 69 75
40 41 44 52 68 73
20 46 50 58 65 75 79
18 20 29
40 44 65
39 41 44 68
40
18 39 41 75
14 40 44 62 68
18 41 69
18 40
41 62 68
44 68
8 46 50 52 58 65 75
18 41 68 69
18
18 41 68
52 68 73
47 79
20 40 43 50 79 80
40 62
44 68
18 58 66
40 44 52 57 74
18 41 69
15 23 46 50 69
68 79
41 44 68
18 20 41 46 69
41 68 79
18 41 44 68
15 20 46 50 75
40
62
18 41 68 69
18 40 44 80
18 40 44 68
44 62 68
40 44 74 79 80
18 46 50 79
40 43 44 62
23 58
18 20 39 41 46 50 75 79
18 41 44 68
40 44 68 74 79 80
41 62
18 41 42 46 47 50 69
18 26 40 68
18 41 68
18 23 40
18 41 68
44 62 68
44 68
18 20 46 50 58 64 65 76
40 44 62 68
18 20 66 79
40 62
47 50 58 65
18 41 68 79
18 39 41
18 44 68
15 39 41 47
40 41 44 62
40 41 43 44 62
18 44
18 40 79
15 74 79
15 40
40 41 68 74 79
18 41 68 69
40 44 62 68
39 40 44 62
14 18 41 44 68
18 41 44 68
41 44 68
18 41 44 68
18 39 41 44 65 69 75
40 44 68 79
40 44
18 40
18 40 68
40 41 62 68
40 41
18 20 39 46 58 65
18 39 41 74 79
18 20 58 66 79
62
40 44 62 68
8 18 41 65 69 75
44 68
40 44 68
39 40 41 44 65 75
18 20 39 40 46 52 57 74 79
62 78
40 44 68
44 68 79
18 79
18 68
18 41 44 68
15 44 62 65 75 76
40 44
18 20 29 36 50
18 41 44 68
18 41 68
18 39 79
40 41 44 68
18
41 52 68 73
39 58 66
44 52 62 68 73
41 44 52 62 68
40 44 68
18 68
39 41 44 65 68 69
40 74 79
40 41 44 68
18 44 68
18 41 44 68
40 44 68 80
18
18 39 41 62
18 40 44 62 68
18 41 42 46 50 64 67
18 39 41 68
18 44 62 68
40 41 44 62 68
18 39 41 44 62
18 41 44
41 49 68
18 68
18 26 68
18 40 52 57 73 74 79
14 40 44 62
18 20 23 39 46 50 58
18 40 68 80
18 39 41
41
40 43 48 62
18 62
75 79
20 41 46 50 75 79
41 68
40 41 44 68
18 20
18 39 41 44 68
18 41 62
40 41 44 68
18 39 58 66 75
18 69
40 68
15 40 41 74 79
14 40 44 62 68
40 44 68
41 68
15 23 46 50 79
40 44 52 68
18 41 57 74
14 40 41 44 68
18 44
40 41 68
18 41 68
62 76
18 41 68
40 68
79
40 41 68
44 62 68
41 44
18 40 44 68
15 44 65 79
62
40 44 68
20 41 46 50
40 44 62 68 74
41 68 69 75
18 41 44 68 79
18 41 68 79
18 41 68
20 39 40 43 50 74 79 80
41 68
18 40
41 68
40 41 68
41 68
18 39 66
18 41 44 68
18 46 50 64
18 39 41 69
40 44 68
66
18 26 40 68
41 44 68
18 40
66
40
18 39
18 39 68 79
18 20 39 46 50 58 64 65 69
18 40
20 79
41 44 68
40 41 43 44 62
18 39 41 44 69
18 68
41 57 74 79 80
47 79
41 68
41 46 50 69
41 68
18 40 44 68
41 44 68
40 44
41 62 68
44
18 40 68
68 74
18 62 68
15 18 44 62 79
40 44 62 68
62 74 78 79
18 40 44 68 80
18
15 18 20 39 71 74 78 79
15 40 74 79
62 68 69
18 41 44 62 68 69
41 44 68
40 44 62 65
18 40 68
18 46 50 58 65 76
40 44 62
40 44 68 74 79 80
41 74 79
41 44 68
41 44 68
18 68
40 44 46 52 57 73 74
44
46 50 75
18 32 39 41 69
40 44 60 62 68
18 39 41 69
18 44
39 41 65 75
15 18 39
20 23 39 46 50 79
18 44 62 68
40 44 62 68
18 62 68
18 41 50 69
18 40 48 74 79
20 39 44 65 75
14 40 43 44 62
41 68
68
40 44 52
18 41
46 50 58 64 73 76
44 57 68
19 46 50 52 64 73
20 39 46 50 64
41 44 68 69
18 58 66
62 68
18 41 68
18 41 68
20 44 46 50 62 65 75 76 79
18 41 69
18 62
18 39 41 44 74 78 79
41 44 68
18 44 68
18 40 48 74 79
18 20 66
20 66 79
39 58 66 79
39 41 69
18 68 79
41 44 68
39 46 50 52 64
18
18 41 44
44 46 52 57 68
40
41 44 62 68
18 20 46 50 79
40 44 68
18 39 41 50 69 75
41 44 52 62 68
40 44 68
40 44 68
8 18 65 69 79
41 44 62
79
18 41 52 62 69
18 20 39 46 50 58 65 69 76
8 41 68 69 79
18 62
40 44 57 68 74 79 80
15 79
40 41 44 62
18 41 68
74 79
18 40 68
18 41 68
18 62
40 44 68
41 44
40 44 68
20 39 40 46 50 79
18 62 68
18 20 21 49 68
40 41 44 62
14 40 41 44 62
79
40 41 43 44 68
14 18 40 41 44 62 73
41 52 68
40 41 44 68
41 44 52
8 18 41 69
40 41 44 62
39 41
40 44 68
62 68
44 68
8 18 69
40 74 79
18 68 69
39 46 50 75
18 39 66 69 75
18 41 68 79
40 41 44 68
18 41 44 68
14 43 44 57
41 68
15 20 46 47 50 65 79
18 44 68
40 44 68
41 68
44 46 50 52 57 68 73
18 41 44 68
41 44 52 68
40 62
18 41 44 68
18 41 68
41 44 52 68
44 68
40 41 44 68
18 46 64
41 44 62 68
69 79
41 44 68
18 40 48 74 79
18 41 44 62 68
40 44 52 62 68 73
18 40 44 62 68
18 44 62 68
39 40 41 46 50 64 65 75
40 44 68 74
74 75 79
40 74 79 80
18 40 44 62
18 40 62
40 44 68
40 44 68
18 41 42 46 50 64 69
46 50 64
18 39 74 79
40 68 79
40 44 62
40 44 68
44 62 65 75 76
18 39 44 52 68
18 20 79
68 79
14 18 40 41 44 62
41 44
20 39 40 50 79
41 68
18 41 69
41 52 68 73
14 18 41 44 52 62 69
18 41 68
20 32 46 50 64 69 79
18 46 50 62
18 40 48 74 79
39 44 79
62 68 79
15 44 49 79
23 58
18 20
40 44 68
40 41
40
18 41 68
41 68
40 44 68 80
41 44 68
18 23 79
43 44 57 68
18 41 47 69 79
40 41
41 79
2 46 50 52 58 64 76
14 40 44 62 68
8 18 41 65 69 75
18 39 41 57 68 74 79
18 39 40 41 44 62 68
40 41 44 62 68
40 44 52 62 68 73
23 39 46 50 65
40 41 44 52 73
20 74 79
18 39 41 69
40 44 52 62
40 44 62
41 44 68 69
40 44 68 80
18 41 68
68
68 74
18 41 68
43 44
8 15 20 46 50 58 64
41
39 40 52
68 79
39 47 58 65
18 23 79
18 39 41 75
18 40 68
18 41 68
20 44 46 50 58 65
18 39 41 44 68
15 20 74 79
14 18 43 44
41 74 79
40 44 68 74
40 41 44
40 44 52 57 68 73 79
18 68
18 20 41 79
40 44 52 62 68
79
20 40 43 50 79 80
39 40 41 44 57 74 79
41 58
41 52 57 68
40 41 44 62
18 41 44 68
20 74 79
62 68 74
68
18 44 62
40 62 79
18 68
39 41
18 68 69
39 41 79
18 68
40 41 44 62
8 47 62 79
40 44 68
6 18 39 46 76
44 68
18 39 41 44 65
18 41 44 68
44 62 68
41
20 79
18 40 68 80
18 41 44 68
40 44 68
39 41 68 69
18 44 68
40 46 50 52 57 73 74 79
18 20 41 46 50 69
39 41 79
41 68
20 74 79
14 18 40 41 44 62
15 40 41 44 62 68
18 44 68
18 41 44 68
57 74 79
18 44
18 41 44 68
39 41 68
18 41 68 69
52 68 73
15 46 47 50 65
41 44 62 68 73
40 62
40 41 43 44 52 57 73
18 41 68
18 32 41 69
18
18 46 50 58 64
18 40 68
18 41 44 68
18 44 68 69
18 40 44
18 39 41 69
18 40 48 74 79
18 40 68 80
58
41
44 62 68
20 41 79
