44 62
80 40 43 57
58 41
41 18 42 46 50 67 28 64
25 44 40 68 62
79 78 71 74 18 20 63
56 44 40 68
79 18 39 15 1 66
73 44
49 52 59 14 38 62
2 58 41 18 42 46 50 9 47 6 5 69 67 8 64
40
41 46 50
48 13 44 40 68 62 43
4 15 44 43
58 18 46 50 6 26 64
40
18 26
13 44 68
56 52 41 73 14 13 44 40 27 68
18 40
18 26
80 48 79 50 20 24 43
70 75 76 18 69 8 43 32
49 79 52 23 21 35
80 48 79 74 39 15 40 20 60 43
41 75 39 46 50 69 65 64
49
49 41 25 44 40 62 63
18 39 47
44 40 68 63
29 58 54 18 45 3 1 6 23 20 26 66
40
40
70 18 47
76
48 15 46 50 67 64
41 39 15 44
79
40
46 50
40
58 54 45 6 23 66
40 63
41 39 15 69
65
29 36 45 7 6 23 20 26
58 41 75 39 46 50 65 64
18 26
75 15 40 65
43
79 39 15 1 23 21 66 62 35
29 23 20 26
41 75 76 18 17 69
49
18 68
52 73 74 40 57
41 18 39 68
75 76 18 39 65
18 46 50
79 45 6 23 20 66
40
18 44 40 26
58
62 63
72 44 62 60 43
4 73 14 13 44 60 61 43
58 76
41
75 18 8 43
18 68
44 40 68
68
79 18 47 23
40
70 76
80 75 44 40
75 18 69 65 8 32
40
62
40
44 40 68
80 49 38 21 8
79 15 20 65
18 42 46 50 69 28 64
18 14 44 40 62
29 79 71 39 23 20
40
52 73 46 50 68
15
40
18 26 69 8
18 44
73 44
46 50
82 52 41 73 76 44 46 50 38 21 68 62 57
48 44 40 68 62
75 46 50 47 26 64
44 40 62
39 40
49 79
79
76
80 75 39 23 66
46 50
18 68 62
53 68 67
18 26
41 75 18 69 67 65 62 8 32
44 62
80 74 44 40 62
14 44 40
18 68
58 39 1 6 66
18 40 68
44 40 62
41 73 75 76 50 38 43
18 15 44 5 21 62 43
41 44 40 43
39 46 65
18 47 20
46 50
79 41 9
18 14 42 46 50 69 28 64
15 44 68 43
23
28
79 74 18 13 40 21 63 35
41 73 44 68
48 79 74
79 18 39 45 47 23 26 35
56 76 68 62 61
40
69
79 40
15
51 39 69 65
40
83 41 70 75 39 32
18
40
79 78 59 62
18
15 65
14 44
68
73 14 25 44 62
18 14 25 44 40 68 62 63
58
2 58 76 62
40
58 75 76 39 17 15 20 65
82 52 41 75 44 65
79 78 71 74 18 20 63
56 52 41 73 14 13 44 40 27 61
70 76 39
44 40 68 62
83 69 8
75 64
78 18 62 63 43
40
46 50
80 58 18 7 6 23 26 35 33
44
41 13 44 47
75 18 69 8
73 40 65
40
29 54 45 1 6 23 20 66
58 41 18 39 42 50 69
4 14 44 68 60 61 43
40
40
13 44 40 68
52 73 14 44 63
40
80 52 73 74 40 21 57
39 66
52 15 40 43
44 40 68
79 78 71 59 62 63
41 76 39 15 65
49
4 56 52 41 73 14 13 44 40 27 61 43
41 76 15
39 40
80 44 40
79 47
44 40 68
40
80 58 46 50 67 8 64
18 68 60 43
49
40
79 78
41 18
18 47
48 44 40 68 60 43
39 6 66
80 48 79 71 74 50 20 24 43 57
40 57
44 40
79 44 62
48 40
41 75 76 15 44 40 65
14 25 44 40 43
40
44 46 50 40 68
52 74 39 50 57
41 73 44
58 65
82 41 18 14 44 67 62
58 75 39 65
67
76 66 62
15 68
40
48 74
44 40
49 79 38 40 8
40
41 18 39 69
13 44 40 68 62 63
62
79 71
80 48 40
52 41 73 44
64
52 73 74 44 46 57
61 43
40
18 40
44 40 68
62
18 44 21 68
40
40 43
41 39 21
41 39 12 69 62
52 46 40 43
44 40 21 68
76 66 62
58 54 18 46 50 23
46 50
56 52 41 73 18 15 44 46 50 38 43
83 69
49 79 38 8
40
44
40
58 25 44 40 65 63
59 76 14 62
41 72 18 39 9 22 69 32
80 29 79 54 45 1 6 23 20 66
54 18 39 6 23 20 66
56 52 73 44 61
44 40 68
44
40
40
41 42 46 50 9 67 8 64
44 61 43
18 44 21 8
46 50 67 64
48 44 40 21 68 62
41 39 65
44 43
52 76 46 50 64
44 40 68 62
80 48 4 79 54 71 73 74 46 50 40 20 24 60 61 43 57
40
75 76 39 14 65 62
40
68
79 78 41 71 74 18 39 15 46 50 40 6 20 62 43
80 40 68 62 63
40
82 79 78 41 71 74 18 39 34 15 46 50 40 6 20 62
54 23
82 15 46 50
58 75 76 15 8
18 47 23
58 41 18 39 68 69 64
40
18 40
44 40 43
47
48 79 71 74 23 20
40
40
79 75 18 47 69 8 32
6
56 40 21 68
75 76 65
19 46 50
80 18 40 68
81 70 75 76 18 12 69 65 62 8 32
58 41 18 39 42 46 50 9 64
18 40
41 18 65
80 79 52 73 74 57
52 46 50
15 46
40
75 23 69
40 23
58 52 39 46 50 66 64
40
82 52 41 73 44 40
41 39
79
29 2 58 54 23 66
74 68
79
40
48 74
79 47 23
40
40
52 74 40 57
44 40
40
4 52 41 73 75 76 15 44 38 40 5 27 20 65 62 61
14 44 60 43
48 79 71 74 62
18 40 68
44 68 62
15 43
14 44 40
18
38 8
14 44 40 62
2 18
41 18 47
58 41 75 76 18 39 17 15 46 38 20 65
79 75 76
41 39 9 21 69
47 26
66
79 18 47 20 26
46 12 69 8 32 64
40
79 74 39 15 40 43
62
14 62
40
80 79 54 39 6 23 20
44 40 62
41 42 46 50 69 67 61 8 64
40 21
41 76 18 39 22
46 50
18 40 26
75 15 46 50 21 69
58 75 18 39 15
41 75 76 39 46 69 65 64
18 68
18 68
29 62
80 29 16 79 36 45 6 23 20 26
73 44 40
41 72 18 39 17 22
40
41 18 39 15 69
52 74 44 57
74 43
79 21 62 8
75 31 8 64
75 69
15 43
56 44 40 68 62
41 18 39
79 47
55 39
18 44
81 41 73 18 14 44 40 67 62
41
18 44 40
79 41 39
13
46 50 67 8 64
17 15 44 5 21 62
79 54 71 18 23 20 66
79 41 39 9
79 20
70 18
18 39 40 21 68
79 23 66
69 8
73 44 62
41 44 9 40
29 45 6 23 66
52 73 14 44 40 27 62
80 48 79 74 18 39 11 15 6
58 26
41 14 34 44
49 79 15 38 20 21 8
40
58 70 75 18 39 22
79 40 65
58 52 44 46 50 20 64
39
18 40 68
47
20
44 40 21 68
18 40 26
14 62
18
41 39
58 41 75 39 30
79
29 18 36 45 7 6 23 20 26
46 50 67 8 64
41 44
83 58 41 18 69 65 8
80 48 79 41 74 40 24
79 15 35
43
41 75 39 46 65 64
18 44 67 28
41 39
23
49 79 38 47 21 8
72 39 22
68
46
39 66
44 40 68
70 68
44 68 62
80 46 50 23 66
46 50 47 62
82 52 41 73 75 44 40 62
52 73 14 13 44 40 62 43
76 66 43
52 50 8 43
40
44 62 64
56 52 73 44 40 61 57
80 79
79 71 74 18 40
44 40 68
79 54 18 23 20 66
48 43
18 40 68
4 44 61 43 57
82 76
81 82 41 18 14 44 62
39
4 52 41 14 44 62 60 61 43
68
80 52 73 74 46 57
15 44 62
52 70 18 62
17 44 40
64
18 46 50 6 23
18
44 40
44 40
79 54 47 23 20
79 23 66 35
18 40 26
79 75 66
44 62
80 79 52 73 75 74 46 50 23 57
80 23 66
48 79 15 50 43
56 52 73 44 40 60
40
79 76
41
75 76 18 69 64
49 45 38 21 8
48 40
29 23 20
46 50
41 39 65
23
41 39
80 41 14 25 44 40 62
2 58 76 39 62
48 52 73 46 50
56 52 73 44 61
68
52 41 73 19 44 42 46
79 18 39 6 23
18 40 35
44 62
52 74 57
14 44 62
79
29 2 58 62
47
79 15 21
58 41 42 46 50 9 47 69 67 28 64
14 44 62
44 40 68
66 35
52 41 73 44 68 62
40
68
40
80 40 57
40
44 40 68 62 61
20
52 73 13 34 44 40 68 62 63 60 43
58 41 70 75 59 76 18 39 24 69 65
56 73 59 13 44 40 68 62 60 43
79 75 76 18 23 66 65
56 52 41 73 14 13 44 40 62 43
17 62
40 62
52 73 18 68
58 75 65
75 44 65 62
39
23 66
4 52 41 73 14 44 40 43
74 39 15
41 44 61 43
29 79 23 20
43
44
44 40
14 34 44 40 62
52 41 73 76 14 34 44 40 62
29 58
79 39
41 40
29 49 79 23 20 21 26 8
80 58 79 52 73 74 39 46 47 23 65 57
41 76 50 69 65 8
41 39 40
18 23 66 35
81 18 12 69 43 32
20
58 41 75 18 14 34 35
52 73 44
65
40
52 15 47 65 64
41 44 40
40
18 44 40 68
69 62
40
49 8
66
79 18 45 6 23 26
39 15
18 44 21 68
8
79 18 47 23 69
79
41 32
44 62
41 39 65
40
82 52 41 73 14 44 68
40
41 76 62
18
40
18 40
46 50 65
79 75 18 15 23 20 66 65 62 8 64
40
68
40
18
13 44 40 68 62 60
58 70 75 76 18 39 15 62 8
79 41 74
41 46 50 9 69 64
48 18 40 68 60 61 43
23 20 66
79 50
79 47
18 44 68 62
44 40 68 62
75 76 65 8
41 75 46 50 40 65 64
18
75 65
80 62
53 18 13 44 40 68
79 71
79 75 46 50 47 5 20
75 47 64
46 50 8
52 74 40 57
76 15 46
59 13 44 40 62
44 40 68
48
18
80 29 18 6 23
83 58 70 75 76 39 15 50 65 8 32
18 39 69
73 13 44
70 18
79 75 76 18 39 65 62
49 79 38 21 8
41 70 72 75 18 39 34 22 68 32
18
18 68
44 40
41 44
41 46 50 69
70 18
29 2 16 18 36 45 7 6 23 20 26
58 70 18 69
76 44 68 62
58 79 75 74 47 65 57
41 62 64
41 75 14 44 65 62
41 14 44 40 62 43
49 79 47 21 26
40
80 48 79 71 74 50 20 24 43 57
44 68
79 78 11 62 63
18 40
18 34 44 68 62
48 71 74
74 18 39
40
20 26
46 50
40
80 73 74 44 40 68
41 40 68
82 52 41 73 39 14 44 9 40 65 62
13 44
13 44 40 68 62
75 18 46 38 12 69 8 32 64
73 39
75 65
18 40
18 46 50
40
48 4 52 14 44 24 62 60 61 43 57
50
75 76 65
7 23 35
40
74 44 40 68
18
41 75 18 39 14 30 44 21 68 69 62
39 15 5 21 62
52 73 59 76 46 50 67
40
48 79 47 23
75 30 68
40
41 14 44 40
40
46 57
79
14 62
57
52 73
46 50
79
2 46 50 66
75 76 15 65
4 44 60 61 43
48 79 74
14 44 40
79 78 18 21 62 63
44 40 68
75 39 65
80 48 79 55 71 74 40 24 43
69 8
76 13 44 68 62
46 50
58 41 70 72 75 18 39 22 32
82 75 39 38 69 62
41 18 39 69
44 40
14 44 61 43
18 50
59 44 40 63
75 18 39 15 47 8
76
58 52 41 73 14 44 5 65 62 61
40
56 52 59 14 44 40 63
62
18 40
18 13 68
58 70 75 76 18 39 62 8
39 15 21 43
68
18 40 68
79 21
75 65
49 19 44 40 21
18 62
62
44 21 68
52 74 62 60 57
68
40
18 21 68
40
68
41 18 39 22 69
29 58 54 3 23 66
48 44 40 62
79 23 20 66
41 76 40 23 35
58 6 23
76
40
56 15 44 47 61 43 64 57
18
14 44 61 43
52 41 73 13 44
15 57
40
40
52 41 73 18 14 44 68 62 63
52 73 74 46 50 57
82 75 59 13 11 44 31 40 20 62 8
75 15 44 38 65 62
44 40
59 14 62
40
57
79 39 50
70 18
39 15
48 44 40 68
69 8 64
49
41 18 69
44 40 68
69 8
52 73 44 62
13 44 40 63
80 74 40 21 68 57
40
75 65
39 15 47 64
40 69
40
48 62
18 44 40 68
65
44 40 62 63
58 18 46 50 6 23
18 68
40
66 62
41 46 50 8 64
79 78 71 74 18 39 46 20 35
56 41 73 39 13 44 62
68
56 52 41 73 14 44 9 40
75 23 66
83 41 14 25 44 40 62
49 79 18 39 15 38 47 6 62 8
18 40
56 52 73 18 13 44 61
79 39 15 23
56 76 44 38 21 68
13 34 44 40 68 63
40
48 18 40 26 57
18 40 68
49 79 75 38 8
13 44 40 68 63
44
18 40
58 41 18 39
44 43
40
80 79 44 40 20 24 43
14 44 62
52 73 8 64
40
18
29
13 44 40 21 68
41 76 39 62
76 15 50 47 64
44 40 68
79 23 66
34
18 13 44 40 68 61
58 70 75 76 18 39 62 8
40
69 8
40
79
79
79 78 39 15 43
56 52 73 14 44 40 68 62 60 61 43
18
43
40
23 66
41 70 39 9 21 69 32
79 75 39
13 44 40 68 62 61
48 74 39 40
44 40 68
41 50
58 75 74 76 65 62
4 52 73 75 76 15 44 38 20 66 65 62
41 39 69
70 18 39 26
15
82 52 41 73 14 44 62
40 62
39 15
40
40
40
58 41 75 76 39 17 23 69 65
40 21
41 40
39 15 38 8
57
41 69
40 68
52 41 73 14 13 30 44 40
76 62
79 50 47 26
40
40 68
49 21 66 8
48 46 50
79
18 68
41 44 40
18 69 65 8 32
48 79 74 18
75 50 65 8 64
44
44
76 68 62
80 79 39 46 50 66
76 18 62
79 50 40
14 44 62 43
44 40 68
39 6 23
69 8
75 39 66
19 44 22 21 68
41 44
4 41 39 14 44 61 43 57
40
58 75 18 69 8
34 44 40 68 62
44 40
76 62
40
41 18 39 69
29 16 18 36 45 6 23 20 26
44 40
79 75
52 41 73 28 62
40
44 40
83 18 69 8
58 41 42 46 50 47 28 64
49
75 12 69 62 32
41 75 76 18 39 69 65
41 18 39
68
46 50 69
64
18 15 40
40
18 26
79 71 18 20 35 8
44 43
79 20
18 68
48 44 40 21 68 61
4 76 44 68 61 43
78 71 74 59 39 62
44 68
44 40
56 52 73 59 14 34 44 40 62 63
41
44 57
58 75 76 39 17 15 65
40
44 65 62
41 40
58 41 39 9 21
41 70 75 18 69 65 62 8 32
18
52 73 44 62
44 40 68
40
41 39 65
44 68
52 73 75 76 46 50 12 20 69 67 65 8 32 64
34 44 62
18 40
18 40
79 74 39 8
41 13 44 40 62 60
40
80 79 40
79 23 20
79 15 21
18 44 62
79 40
41 75 39 69 65
52 73 14 13 44
52 13 44 28
58 41 18 39 38 20 69 65 32 64
79 39 23 20 43
56 52 14 44
57
15
52 57
79 64
40
41 69
40
41 44 40 68
80 40 68
82 52 41 73 76 18 34 44 21 62
40
41 18 5 69 67 65 8
78 59 62
76 39 15 65
34 44 68
40
41 18 42 46 50 22 69 28 64
48 79 15 40 43
44 40
73 14 44 40 21 68
40
44 46 50 65 62
51 75 39 65
70 76 18 62
41 18 39 14 44 22 68 62
41 15 44 65 62
79
15
23 66
80 44 40 68 62
52 73
39 44
41 69
52 41 18 39 46 50
18 12 69 32
2 58 76 46 50 62
40
52 41 72 18 39 15 46 50 9 22
44 40 21 68
39 15
40
44
56 52 41 73 13 15 44 46 50
44 40 21 68
53 44 68
40
39 5
43
52 73 74 13 44 40 68
80 18 68 62
52 73 44 62
40
79 21
41 75 74 18 39 15 23
56 52 73 13 44
41 39
80 79 20 62
52 73 13 44
52 73 14 44
79 62 8
79 54 39 6 23 20 66
40
48 40
58 52 46 50 6 8 64
10 47
49 38 8
44 62
18 47 69 65 8 32
18 21 68
41 39 9 21
41 18 42 46 50 67 28 64
41 8
76 62
18 15 44 40
40
17 69
68
49 38 8
18 15 40 43
80 74 18 39 11 15 40 6 57
48 79 74 15
49
40
52 46 50
52 73 19 14 13 34 44 40 22 68 62 63
40
79
23 66
19 42 46 28 64
73 44 40 20 62 60 61 43 57
40
79
49 79 75 38 8
40
18 68
40
40
2 76 46 12 65 8 32 64
62
56 52 41 73 44 40 61
56 52 41 73 39 44 40 68
81 56 41 18 14 44 69 62
18
52 41 73 18 14 34 44 40 68 63 61
79
41 18 47
80 79 40
76
40
25 44 40 68 62
18 46 50 69 32 64
62
46 50 47
18 39 6 23 26
74 40 68
40
52 19 46 50 64
41 75 76 39 46 65 64
2 58 52 18 46 50 38 47 6 23 20 67 8 64
18 13 26 68
18 23 66
56 13 44 40 68
59 13 44 40 62
79 39
80 79 75 39 66
58 41 50
44 40
18 66
75 39 44 31 69 65 35
79 54 39 23
58 50 9 47 69
58 44 50 65
46 50 64
41 18 34 62
58 18 46 50 69 64
43
5 21 68
83 58 41 76 18 39 50 69 65
41 73 14 34 44 40 62
82 52 41 73 44
44
79 78 18
19 21
80 48 79 74 43
18 40 26
2 58 62
82 76 15 47 64
18 40 26
40
52 73 40 57
62
29 20
40
41 73 14
62
58 15 57
48 39 40
40 43
40
52 41 15 21 43
80 40 20 24 60 61 43
44 40 61 43
15 40
15 40 43
80 29 58 54 18 45 6 23 66
46
58 41 69 62
41 72 75 18 42 46 50 22 69 28 64
40
75 15 44 5 20 68 65 62
44 40 68 62
76 8 64
46 50 6 67 64
18 44 40 21 68
40
14 44 40 62 61 43
44 40 68 62
44 68
76 62 43
52 41 73 19 44 46 50 22 62 57
79 40
83 58 41 75 39 69
41 18 39
57
15
73 44
40
18 40
40
58 79 41 75 76 18 39 22 32
64
56 44 40 68 62
41 73 18 14 44
41 73 14 44
18 39
29 79 54 18 47 1 6 23 20 26 66
39
41 73 75 76 46 50 38 21 62 43
30 40
48 79 40
75 76 65
79 18 39 66
40
40
69
61 43
83 40
44 40
18 26
58 73 75 18 67 62
44 40 69 64
41 76 14 34 44 12 62
15 43
41 18 9 69
81 83 70 75 18 46 50 12 69 8 32 64
18 69
52 73 44 40
49 8
40
40
34 44 68 62
44 40
14 44 68
41 18 39 40 43
18
79 18
58 18 39 1 6 66
18 68
41 39
79 19 39 46 50 64
13 44 40 68 63
40
41 75 39 46 50 65 64
66
8 57
44 68
18
41 69
48 21 68
47
44 63
44 40 5 21
14 44
18 40 62
76 62
58 70 75 76 18 39 15 62 8
53 70 18 40 21 68
52 18 40 21
79 65
18
41 18 39 62
13 44 40 63
44 43
44 40 62 63
79
48 79 74 40
18 40
2
48 79 74 18 39 47 23 60
48 56 14 34 44 40 68 62 60 61
80 52 73 74 46 57
80 48 79 55 74 39 40
75 59 44 31 62
79 18 47 26 62
65 8 64
41 76 18 39 15 65
49 75 39 65
39 15
18 40
78 59 62
76 34 68 62
41 73 44 9 40
52 73 14 13 44 40 68 63
52 15 46 50 60 57
80 7 35 33
39 65
14 34 44 40 62
41 40 68
58 41 18 46 50 47
40
80 2 58 76 18
40
40
44 68
56 52 41 73 18 14 44 65 62
49 79 78 41 71 74 18 39 15 46 20 43
52 73 19 44 68 62
52 74 57
44 40
75 46 50 20 65 8 32 64
41 40 69
79 75 39 23 65
13 44 40 68 62
41 73 14 44
41 42 46 50
41 76 14 44 40 5 62
80 44 40 21 68
52 41 73 14 62
18
44
66
79 18
82 41 44 40 62
18 40 68
48 74 62 60
79 54 18 20 66
75 76 65
75 76 17 69 8
44 40
78 62 63
75 76 15 40 65
73
44 40 68 43
69
13 44 40 43
74 44 68
18 40
14 44 40 62
40
78 18 62 63
15
18
23
40
48 44 40 20 68 24 60 43
41
44 40 21 68 62
4 52 73 14 44 60 61 43 57
18 40 68
41 73 75
79 62
37 18 69
52 44 40
52 41 73 44 62
65
48 74 62
80 18 40 68
75 18 69
79
76 15 46 50 65 64
79 47 23 20 35
79 78 41 71 74 40 62
18 68
40
40
41 14 44 28 62
56 52 73 44 40 68 61
68
80 58 40 7 20 35 33
80 52 73 74 18 46 40 57
52 73 14 13 44 40
79 75 76 38 65
65
79 54 18 15 6 23 20 21 66
41 9
79 78 41 71 74 18 39 15 46 40 20 62 63
76 15 47 43 64
52 46 50 8 64
49 79 8
40 57
20 69
39 15 65
18 23
52 73 18 38
29 79 23 8
44
52 73
41 18 39 65 32
49 52 41 73 75 76 44 46 50 38 21 43 57
41 75 76 18 39 14 65 62
18 40
52 68 57
4 56 41 73 75 76 44 38 5 21 61 43
78 21 62 63
40
15 43
40
40
56 52 73 13 44 40 68
79 71
58 46 50 6 23 64
18 68
18 40
40
41 73 13 44
41 18 39 22
79 44 65 57
48 10 79 52 73
80 48 79 74 39 15 40 60
44 62
41 46 50 64
48
40
23 66
40
79 23 20
15 46 50 47 21
52 73 74 13 44 68
41 73 75 44 62
56 52 73 13 44 61
79 46 50 8
41 69 32 64
48 46 50 40
18 68
79 23 69 66
10 52 73 44 62
41 39
79 23 66
14 44 62
80 6
40
41 14 44 40 21 62 43
11 15
58 41 75 65
79 75 40
48 41 60 43
41 44 40 21
74 46 38 8 57
80 39 66
80 18 40 23
44 40 62
41
80 79 73
82 41 69
62
52 41 19 46 61 43 64
41
52 74 50 57
42 50 28
58 73 75
29 79 54 23 20
18 12 69
79 41 18 39
52 73 76 19 14 44 22 62
18 39 22
79 18
80 58 18 45 46 50 6 23 67 8 64
18 34 44 40 68
58 41 75 76 18 39 17 15 22 20 65 62
41 44 40
52 73 18 44 46 50 38 26
44 68
46 50 20
14 40 43
52 46 50 64
40 68
58 41 39 9 65 61
15 47 43 64 57
40
4 52 73 44 62
40
41 14 44 40
58 18 46 50 6 23
52 75 44 40 62 60
4 52 41 73 14 44 62 61 43
25 40
79 23
44 40 68
79 18
44 40 68
69 57
75
30 40
80 40
81 41 73 18 14 25 44 40 62 63
40 68
40
34 44 68 62
56 52 14 34 44 40 68 62 43
40 62
48 79 74 40
29 23 20 26 66
79 73 75 76 46 50 38 12 20 69 67 8 32 64
4 14 44 61 43 57
2 66
62
48 15 60
52 76
40
52 65
40
40
18 40
79 78 41 71 74 39 15 46 50 20 62
18 44
41 75 18 39 69
79 78 71 74 18 39 15 46 50 20 43
75 8
25 44 40 62 63
40
62
40
40
79 52 74 50 21
40
15 44 62
29 78 59 43
40
15
40
68
75 15 40 5 65 62
49 38
44 68
79 52 73 74 46 50 57
41
41 75 39 30 69 65
52 73 75 44 38 69 62
18 15
40
79 74 50 23
44 40
48 79 52 41 73 74 18 39 11 15 44 6 22 21 62 43
76 62
2 76 40
80 29 79 20 43
40
49 75 65
79 8
39 23
49 58 79 76 47 20 21 26 62
76 40 68 62
52 19 46 50 68 64
46 50 40
80 52 73 74 46 50 40 57
62
40
80 79 44 40 68 57
48 15 40 43
40
4 52 44 5 62
79 66
41 75 69 65
15
79 8
41 17
4 52 73 75 76 15 44 20 65 62
18 68
48 44 40 68 62
79 8 64
18 40 68
79 54 18 15 23 20 21 66 65 62 35
41 39 69
48 74 40 65
58 75 18 65
46 50 69 64
62 43
7
14 44 62
79 78 71 74 18 39 15 40
44 40 68
79
80 58 39 6 33
41
44 40 68
44 40
52 73
44 21 65
78 18 21 26 62 63
70 76 62
40
70 18 15 44 21 68 43
46 50 67 8 64
56 52 41 73 14 13 44 40 62 60
79 18 15 47 66
18 46 50 26
75 18 39 17 69 8
52 41 73 44 40
40
29 79 18 36 45 7 6 23 20 26
44 40 62
58 75 76 39 65
80 40
83 70 75 18 39 22 32
73 14 44 43
65 57
40
14 62
40 21 68
52 73 57
41 42 46 50
18 39 47
29 45 6 23 20
40
79 47 26
80 48 79 54 71 74 50 40 20 24 43
44 40 68 63
44 68
58 66
52 74 57
41 75 34
40
49
80 2 76 65
18 69
79 76 23
40
40
18 45 6 20 66
76 18 62
41 69 8 64
80 18 40 68
18 44 40 21 68
52 39 15 65
40
79 39 50 57
43
54 23 20
75
40
40 68
70 34 44 62
41 70 42 46 50 9 47 69 67 28
18 26
40
18
52 73 34 68
80 56 76 14 44 68 62
18 8 43
6 66
4 44 40 62
23 66
80 40 62
80 58 79 18 47 23
79
41 18
18 40 68
76
40
44 43
74
79 15 44 40
79 41
40
80 74 18 44 40 21 68 57
69 64
44
48 73 44
40
40
74 15
41 62
41 73 75 76 39 17 44 38 27 65
80 79 52 73 74 40 57
15 40
79 18 40
18
41 14
40
80 58 46 50 23 66
40
54 18 6 23 20 66
62
40 68
75 18 69 65 8 32 64
40
18 44 40 21 68
40
80 79 52 73 74 39 46 65 57
44 62 63
80 52 73 74 40
80 79 20 43
79 18 39 15 65 35
18 26
18
41 72 75 76 44 22 65
52 73 74 44 40 57
29 36 45 6 23 20
68
40
79 74 39 40 63
18 44
18
41 75 76 31 65
18 39
52 73 44 68
82 52 41 73 44 62
48 40 68
40
41 39 44 65
40
73 14 44 40
40
40
82 44 40
39 15 47
41 76 18 39 17 22 62
53 18 44 40 21 68
41 42 46 50 64
41 75 39 65
40
25 40
75 76 39 65 62
41 73 19 18 14 44 40 67 62 43
49 76 38 21 8
62
18
80 79 52 73 74 46 50 40 23 26 57
44 40
29 2 58 54 46 50 23 66
18
41 69
40
48 73 62 60 61 43
75 65
58 75 76 39 17
17 65
21 8
56 52 73 14 44 40 43
29 54 36 45 6 23 20 66
40
41 70 76 18 62
40 62
40
83 41 18 69
18 40 68
41 9 40
52 41 73 76 14 34 44 22 62
53 18 44 40 21 68 62
79
74 57
52 73 18 15 44 40 43
41 39 40
56 52 41 73 59 14 13 44 40 68 63
79 18
40
18 15 44 21 68
76 62
78 59 62
83 40
80 79 20
18 40 68
73 76 14 44 68 67 62
43
18 40 68
15
70 62
52 44 40 28
79 47
52 74 44 40 68 57
39 65
40
79 23 66
76 65
80 48 79 71 74 46 50 40 20 24 65 43
18 40 67
18 47 40
41 39
43
29 23
79 18 39 1 23 66
37
58 52 70 19 18 46 50 47 6 67 8 64
41 70 75 59 76 18 39 30 69 65 8
44 40
66
18 40 26 68
4 58 41 39 21
40
79 54 45 23 66 35
40
41 18 39 17 50
79 39 65
17 69
18 44 40
29 79 20
73 44 40 57
41 44 40 62 43
83 41 75 59 76 18 39 30 21 69 65 8
75 76 39 65
79 54 23
79 47 23 20 35
40
46
40
74 18 44 40 21 68
19 44 5 67 65 64
44 46 50 40 60
68 62
56 52 73 13 44 50 61
18 40 68
68
18 62
79 75 18 15 44 38 47 26 66 65 62
4 56 13 44 40 68 62 61
48 79 78 71 74 62 57
18 26 68
18 26
79 78 71 74 18 39 20 63
79 40 57
40
82 76 17 44 62
52 73 62
43
18 68
58 18 39 46 50 6 23 69 65 8 64
44 40
40
79
40
15 43
76 39
80 52 73 74 44 46 50 40 68 57
46
50
41 75 18 39 65 32
13 44 40 68 62 60
52 41 39
75 39 15 44 65 8 64
58 75 76 39 17 15 65
43
79 69 8
44 62
44 40 68
70 18 62
80 83 58 41 75 76 39 50 69 65 32
48 74
58 72 75 76 18 39 15 46 50 22 20 65
14 44 61 43
62
18 39 38 65
44 40 68
79 20 8
58 76
52 41 73 14 44 61 43
46 50
46 50 20
52 73 13 44
40
76 62
40
18
75 76 20 65 62
41 18 69
39 66
79 78 71 74 18 39 15 46 50 6 20 68
41 44 28
41 70 18 39 34 22 21 68
80 48 79 74 39 15 40 60
20 66
66
58 23 66
58 41 39 9 69
79 15 62 57
1 6
79 78 39
62
62
52 73 46 43
40
44 67 62
18
4 56 52 73 44 40 61 43
83 41 70 75 76 18 39 17 50 69 65 8 32
62
44 40
80 41 73 75 44 38 8 43
18 69 65 8
82 41
79 18 20
41 75 76 14 44 22 65 62
80 29 58 52 73 74 18 46 50 20 64 57
46 50 12 69 8 32 64
78 18 21 62 63
41 40
40
72 44 40 62 60 43
44 68
79
18 68
45 6 23 20
70 76 39
68
41 42 28
18 44 40 68
79 71 23 20
18 34 44 68 62
49 79 38 20 21 8
14 44 40 62
83 41 39 14 25 44 40
49 79 15 62
43
81 52 41 73 18 14 44 40 62 43
10 52 73 44 40 62
57
40
70 75 18 46 69 8 64
62
17 44
44 40
78 67
44
75 18 69 8
40
79 23 66
83 58 41 70 75 39 46 50 32
80 75 39 66 67 65
79
56 52 73 13 44 27 68 60 61
73 18 14 44
4 52 73 14 13 44 62 61 43 57
40
79 47 20 65
18 44 68
76 44 68 62
42
52 73 14 44 46 50
40
41 75 76 44 65 62
40
41 59 14 13 34 44 46 40 62 63
48
52 73 76 13 44
76 19 18 15 44 50 5 21 67 65 64
43
58 18 46 50 6 66 64
52 73 44
40
18 44 67
80 48 41 74 18 39 15 40 68 60
70 39 15 46 50 21
52 73 76 19 14 44 22 67 62
44 40 68
76 66 62
41 75 39 46 50 65 64
68
79
79 40
18 44 40 21 61
39 40
18 68
53 40 68
41 42 46 50 69 67 28
40
79 40 57
79
49 43
44 40
58 75 76 65
52 18 39 43
79 47
79 39 23 20
41 18 14 44
8
80 29 79 50 20 43 57
40
18 50 20 69 8 64
20
81 41 73 18 14 44 21 62
8
79 75 46 50 38 12 23 20 67 8 32 64
79 50
48 79 74
79 39 11 15 47 1 20 21 66 35 8
79
49 15
58 54 45 6 23 20 66
29 18 36 45 6 23 20 66 35
44 40 68
25 44 40 62 63
18 40
40
40
44 40
76 19 14 15 44 5 21 68 67 62
66
4 44 60 61 43
47
75
40 65
2 58 76
44 40
75 18 69 65 8 43 32
79 75 74 43
41 74 39 40 21
44 68 62
52 73 76 19 14 44 40 22 68 62
46 50
56 52 41 73 44 40
79 8
41 76 18 39 17 22 62
52 62
44 40 62
41 76 62
44 40 68 62
40 43
1 6 66
74 68
40
4 13 44 62 60 61 43 57
46 50 38 64
40
40
79
58 39 15
29 79 23
75 39 17
18 44 68
69
52 15 44 46 50 65 62
41
49 79 75 39 66 8
58 52 73 75 19 18 14 13 15 44 20 67 62 60 61 8 43
80 79 71 74 40
73 74 44 40 21 68
41 73 9 40 21
80 52 73 74 46 50 57
29 79 23 20
76
13 34 44 40 21 68
79 23 20
80 48 79 54 71 74 15 46 50 40 20 24 60 43
46 57
75
52 73
41 73 44 9 40 62
38
49 8
40
80 79 75 76 39 66
40
79 40 57
18 14 67 8 43
41 39
81 18 69
79 41 74 39 69 43
18
40 62
79 47 26
13 44 40 68 61 43
80 58 18 46 50 7 6 23 20 67 35 8 33 64
40
55 41 39 65
44 40 62
10 52 73 14 44 62
80
79 74
18 68
79 47 62
68
40
18 21 68
80 52 73 74 46 50 57
41 9 69
79 39 38 47 23 20
80 40
79
41 73 18 14 44 21 68 62 43
75 15 44 5 20 65 62
18
65 62
79 52 73 57
18 44 62
40
79 15 47 20 21 35
75 69
78 73 44
15 47
73 38 43
82 52 73 44 40 62
15 43
40
70 69 32
79
58 52 70 73 46 50 38 23 20 67 8 64
18 68
15 65
76
18 44 40
76 18 17
80 48 79 74 18 39 40 62 60
18 40 68
29 58 37 54 45 6 23 66
48 15
4 44 62
80 79 47 23 26
